TXT
MeshData
	maxDiffuseMipLevel 0
	hasValidTangents TRUE
	BoundingRadius 353.362213
	MaxBoundingExtents [ 241.851990 49.263901 352.946991 ]
	MinBoundingExtents [ -241.852020 -49.263901 -352.946991 ]
	NumMaterials 1
	Material
		DiffuseTextureFileName "Asuran_CapitalColony_Destiny-cl.dds"
		SelfIlluminationTextureFileName "Asuran_CapitalColony_Destiny-da.dds"
		NormalTextureFileName "Asuran_CapitalColony_Destiny-nm.dds"
		DisplacementTextureFileName ""
		TeamColorTextureFileName ""
		Diffuse ffffffff
		Ambient ffffffff
		Specular ffffffff
		Emissive ffffffff
		Glossiness 35.000000
	NumPoints 46
	Point
		DataString "Center"
		Position [ 0.000000 0.000000 0.000000 ]
		Orientation
			 [ 1.000000 0.000000 -0.000000 ]
			 [ 0.000000 1.000000 -0.000000 ]
			 [ -0.000000 -0.000000 1.000000 ]
	Point
		DataString "Above"
		Position [ 0.000000 100.000000 0.000000 ]
		Orientation
			 [ 1.000000 0.000000 -0.000000 ]
			 [ 0.000000 1.000000 -0.000000 ]
			 [ -0.000000 -0.000000 1.000000 ]
	Point
		DataString "Aura"
		Position [ 0.000000 -100.000000 0.000000 ]
		Orientation
			 [ 1.000000 0.000000 -0.000000 ]
			 [ 0.000000 1.000000 -0.000000 ]
			 [ -0.000000 -0.000000 1.000000 ]
	Point
		DataString "Weapon-0"
		Position [ -20.154305 2.248780 -47.796398 ]
		Orientation
			 [ 1.000000 0.000000 -0.000000 ]
			 [ 0.000000 1.000000 -0.000000 ]
			 [ -0.000000 -0.000000 1.000000 ]
	Point
		DataString "Weapon-0"
		Position [ 20.154297 2.248780 -47.796398 ]
		Orientation
			 [ 1.000000 0.000000 -0.000000 ]
			 [ 0.000000 1.000000 -0.000000 ]
			 [ -0.000000 -0.000000 1.000000 ]
	Point
		DataString "Weapon-0"
		Position [ -91.852028 4.777340 -307.445007 ]
		Orientation
			 [ -0.927184 0.000000 0.374607 ]
			 [ 0.000000 1.000000 -0.000000 ]
			 [ -0.374607 -0.000000 -0.927184 ]
	Point
		DataString "Weapon-0"
		Position [ 91.851967 4.777340 -307.445007 ]
		Orientation
			 [ -0.927184 0.000000 -0.374607 ]
			 [ 0.000000 1.000000 -0.000000 ]
			 [ 0.374607 -0.000000 -0.927184 ]
	Point
		DataString "Weapon-0"
		Position [ 95.754677 -26.619101 -295.789001 ]
		Orientation
			 [ 0.927184 0.000000 0.374607 ]
			 [ 0.000000 -1.000000 -0.000000 ]
			 [ 0.374607 0.000000 -0.927184 ]
	Point
		DataString "Weapon-0"
		Position [ -95.754723 -26.619101 -295.789001 ]
		Orientation
			 [ 0.927184 0.000000 -0.374607 ]
			 [ -0.000000 -1.000000 -0.000000 ]
			 [ -0.374607 0.000000 -0.927184 ]
	Point
		DataString "Weapon-0"
		Position [ -20.154306 -26.619101 -72.988998 ]
		Orientation
			 [ -1.000000 -0.000000 -0.000000 ]
			 [ 0.000000 -1.000000 -0.000000 ]
			 [ -0.000000 -0.000000 1.000000 ]
	Point
		DataString "Weapon-0"
		Position [ 20.154295 -26.619101 -72.988998 ]
		Orientation
			 [ -1.000000 -0.000000 -0.000000 ]
			 [ 0.000000 -1.000000 -0.000000 ]
			 [ -0.000000 -0.000000 1.000000 ]
	Point
		DataString "Hangar"
		Position [ 0.000007 -20.975088 84.125801 ]
		Orientation
			 [ -1.000000 -0.000000 -0.000000 ]
			 [ 0.000000 -1.000000 -0.000000 ]
			 [ -0.000000 -0.000000 1.000000 ]
	Point
		DataString "Bomb"
		Position [ 0.000026 -25.983400 298.925018 ]
		Orientation
			 [ 1.000000 0.000000 -0.000000 ]
			 [ 0.000000 1.000000 -0.000000 ]
			 [ -0.000000 -0.000000 1.000000 ]
	Point
		DataString "Ability-0"
		Position [ 0.000026 -25.983400 299.079956 ]
		Orientation
			 [ 1.000000 0.000000 -0.000000 ]
			 [ 0.000000 1.000000 -0.000000 ]
			 [ -0.000000 -0.000000 1.000000 ]
	Point
		DataString "Ability-1"
		Position [ 0.000026 -25.983400 299.047668 ]
		Orientation
			 [ 1.000000 0.000000 -0.000000 ]
			 [ 0.000000 1.000000 -0.000000 ]
			 [ -0.000000 -0.000000 1.000000 ]
	Point
		DataString "Exhaust"
		Position [ 163.753967 -12.553593 -301.605652 ]
		Orientation
			 [ 1.000000 0.000000 -0.000000 ]
			 [ 0.000000 -1.000000 0.000000 ]
			 [ -0.000000 -0.000000 -1.000000 ]
	Point
		DataString "Exhaust"
		Position [ -163.754028 -12.553600 -301.605591 ]
		Orientation
			 [ 1.000000 0.000000 -0.000000 ]
			 [ 0.000000 -1.000000 0.000000 ]
			 [ -0.000000 -0.000000 -1.000000 ]
	Point
		DataString "Exhaust"
		Position [ -0.000030 -12.553600 -348.316071 ]
		Orientation
			 [ 1.000000 0.000000 -0.000000 ]
			 [ 0.000000 -1.000000 0.000000 ]
			 [ -0.000000 -0.000000 -1.000000 ]
	Point
		DataString "Weapon-1"
		Position [ -12.894484 -0.637277 190.859879 ]
		Orientation
			 [ 1.000000 0.000000 -0.000000 ]
			 [ 0.000000 0.965926 -0.258819 ]
			 [ -0.000000 0.258819 0.965926 ]
	Point
		DataString "Weapon-1"
		Position [ 12.894516 -0.637300 190.859894 ]
		Orientation
			 [ 1.000000 0.000000 -0.000000 ]
			 [ 0.000000 0.965926 -0.258819 ]
			 [ -0.000000 0.258819 0.965926 ]
	Point
		DataString "Weapon-1"
		Position [ 0.000025 -0.637300 287.678864 ]
		Orientation
			 [ 1.000000 0.000000 -0.000000 ]
			 [ 0.000000 0.965926 -0.258819 ]
			 [ -0.000000 0.258819 0.965926 ]
	Point
		DataString "Weapon-1"
		Position [ -6.720691 1.904773 103.522156 ]
		Orientation
			 [ 1.000000 0.000000 -0.000000 ]
			 [ 0.000000 0.965926 -0.258819 ]
			 [ -0.000000 0.258819 0.965926 ]
	Point
		DataString "Weapon-1"
		Position [ 6.720709 1.904800 103.522202 ]
		Orientation
			 [ 1.000000 0.000000 -0.000000 ]
			 [ 0.000000 0.965926 -0.258819 ]
			 [ -0.000000 0.258819 0.965926 ]
	Point
		DataString "Weapon-1"
		Position [ -8.818357 1.903671 44.758110 ]
		Orientation
			 [ 1.000000 0.000000 -0.000000 ]
			 [ 0.000000 0.965926 -0.258819 ]
			 [ -0.000000 0.258819 0.965926 ]
	Point
		DataString "Weapon-1"
		Position [ 8.818404 1.903700 44.758099 ]
		Orientation
			 [ 1.000000 0.000000 -0.000000 ]
			 [ 0.000000 0.965926 -0.258819 ]
			 [ -0.000000 0.258819 0.965926 ]
	Point
		DataString "Weapon-1"
		Position [ -11.359402 1.909600 -21.322580 ]
		Orientation
			 [ 1.000000 0.000000 -0.000000 ]
			 [ 0.000000 0.965926 -0.258819 ]
			 [ -0.000000 0.258819 0.965926 ]
	Point
		DataString "Weapon-1"
		Position [ 11.359398 1.909600 -21.322601 ]
		Orientation
			 [ 1.000000 0.000000 -0.000000 ]
			 [ 0.000000 0.965926 -0.258819 ]
			 [ -0.000000 0.258819 0.965926 ]
	Point
		DataString "Weapon-1"
		Position [ -46.369110 1.939652 -111.978355 ]
		Orientation
			 [ 1.000000 0.000000 -0.000000 ]
			 [ 0.000000 0.965926 -0.258819 ]
			 [ -0.000000 0.258819 0.965926 ]
	Point
		DataString "Weapon-1"
		Position [ 46.369087 1.939700 -111.978409 ]
		Orientation
			 [ 1.000000 0.000000 -0.000000 ]
			 [ 0.000000 0.965926 -0.258819 ]
			 [ -0.000000 0.258819 0.965926 ]
	Point
		DataString "Weapon-1"
		Position [ 176.349991 -0.485204 -242.528336 ]
		Orientation
			 [ 1.000000 0.000000 -0.000000 ]
			 [ 0.000000 0.965926 -0.258819 ]
			 [ -0.000000 0.258819 0.965926 ]
	Point
		DataString "Weapon-1"
		Position [ -176.350021 -0.485200 -242.528290 ]
		Orientation
			 [ 1.000000 0.000000 -0.000000 ]
			 [ 0.000000 0.965926 -0.258819 ]
			 [ -0.000000 0.258819 0.965926 ]
	Point
		DataString "Weapon-1"
		Position [ -116.352020 4.458983 -293.632019 ]
		Orientation
			 [ -1.000000 0.000000 -0.000000 ]
			 [ -0.000000 0.965926 0.258819 ]
			 [ 0.000000 0.258819 -0.965926 ]
	Point
		DataString "Weapon-1"
		Position [ 116.351974 4.459000 -293.631989 ]
		Orientation
			 [ -1.000000 0.000000 -0.000000 ]
			 [ -0.000000 0.965926 0.258819 ]
			 [ 0.000000 0.258819 -0.965926 ]
	Point
		DataString "Weapon-1"
		Position [ -18.580082 -20.225960 188.680145 ]
		Orientation
			 [ -1.000000 -0.000000 -0.000000 ]
			 [ 0.000000 -0.965926 -0.258819 ]
			 [ 0.000000 -0.258819 0.965926 ]
	Point
		DataString "Weapon-1"
		Position [ 18.580116 -20.225960 188.680145 ]
		Orientation
			 [ -1.000000 -0.000000 -0.000000 ]
			 [ 0.000000 -0.965926 -0.258819 ]
			 [ 0.000000 -0.258819 0.965926 ]
	Point
		DataString "Weapon-1"
		Position [ 27.525410 -20.225960 102.268723 ]
		Orientation
			 [ -1.000000 -0.000000 -0.000000 ]
			 [ 0.000000 -0.965926 -0.258819 ]
			 [ 0.000000 -0.258819 0.965926 ]
	Point
		DataString "Weapon-1"
		Position [ -27.525391 -20.225960 102.268723 ]
		Orientation
			 [ -1.000000 -0.000000 -0.000000 ]
			 [ 0.000000 -0.965926 -0.258819 ]
			 [ 0.000000 -0.258819 0.965926 ]
	Point
		DataString "Weapon-1"
		Position [ -13.291001 -26.279779 -8.303632 ]
		Orientation
			 [ -1.000000 -0.000000 -0.000000 ]
			 [ 0.000000 -0.965926 -0.258819 ]
			 [ 0.000000 -0.258819 0.965926 ]
	Point
		DataString "Weapon-1"
		Position [ 13.290999 -26.279779 -8.303634 ]
		Orientation
			 [ -1.000000 -0.000000 -0.000000 ]
			 [ 0.000000 -0.965926 -0.258819 ]
			 [ 0.000000 -0.258819 0.965926 ]
	Point
		DataString "Weapon-1"
		Position [ 74.660194 -20.177797 -116.505745 ]
		Orientation
			 [ -1.000000 -0.000000 -0.000000 ]
			 [ 0.000000 -0.965926 -0.258819 ]
			 [ 0.000000 -0.258819 0.965926 ]
	Point
		DataString "Weapon-1"
		Position [ -74.660210 -20.177797 -116.505730 ]
		Orientation
			 [ -1.000000 -0.000000 -0.000000 ]
			 [ 0.000000 -0.965926 -0.258819 ]
			 [ 0.000000 -0.258819 0.965926 ]
	Point
		DataString "Weapon-1"
		Position [ -151.156036 -26.321095 -284.014984 ]
		Orientation
			 [ 1.000000 0.000000 -0.000000 ]
			 [ 0.000000 -0.965926 0.258819 ]
			 [ -0.000000 -0.258819 -0.965926 ]
	Point
		DataString "Weapon-1"
		Position [ 151.155975 -26.321095 -284.014984 ]
		Orientation
			 [ 1.000000 0.000000 -0.000000 ]
			 [ 0.000000 -0.965926 0.258819 ]
			 [ -0.000000 -0.258819 -0.965926 ]
	Point
		DataString "Weapon-2"
		Position [ -3.855443 -22.152300 314.306000 ]
		Orientation
			 [ 1.000000 0.000000 -0.000000 ]
			 [ 0.000000 1.000000 -0.000000 ]
			 [ -0.000000 -0.000000 1.000000 ]
	Point
		DataString "Weapon-2"
		Position [ 0.000027 -22.152300 314.306000 ]
		Orientation
			 [ 1.000000 0.000000 -0.000000 ]
			 [ 0.000000 1.000000 -0.000000 ]
			 [ -0.000000 -0.000000 1.000000 ]
	Point
		DataString "Weapon-2"
		Position [ 3.855497 -22.152300 314.306000 ]
		Orientation
			 [ 1.000000 0.000000 -0.000000 ]
			 [ 0.000000 1.000000 -0.000000 ]
			 [ -0.000000 -0.000000 1.000000 ]
	NumVertices 14090
	Vertex
		Position [ 42.828079 -41.696301 -216.764999 ]
		Normal [ 0.000050 -1.000000 -0.000031 ]
		Tangent [ -0.000262 0.116133 0.993234 ]
		Color 0
		U0 0.176194
		V0 0.394443
		U1 0.423612
		V1 0.438612
	Vertex
		Position [ 37.790974 -41.694302 -289.822998 ]
		Normal [ 0.000050 -1.000000 -0.000031 ]
		Tangent [ -0.000125 -0.106659 0.994296 ]
		Color 0
		U0 0.258167
		V0 0.383102
		U1 0.387295
		V1 0.443636
	Vertex
		Position [ 37.790981 -41.696301 -216.764999 ]
		Normal [ -0.000000 -1.000000 -0.000027 ]
		Tangent [ -0.000231 0.096707 0.995313 ]
		Color 0
		U0 0.176246
		V0 0.383153
		U1 0.423589
		V1 0.443614
	Vertex
		Position [ 42.828087 -24.061300 -121.032997 ]
		Normal [ 0.000067 -0.970195 0.242327 ]
		Tangent [ -0.000025 0.122076 0.992521 ]
		Color 0
		U0 0.066745
		V0 0.394484
		U1 0.472102
		V1 0.438594
	Vertex
		Position [ 37.790989 -26.578600 -131.110001 ]
		Normal [ 0.000044 -0.987539 0.157377 ]
		Tangent [ -0.000036 0.105209 0.994450 ]
		Color 0
		U0 0.078428
		V0 0.383208
		U1 0.466926
		V1 0.443590
	Vertex
		Position [ 37.790989 -24.061300 -121.032997 ]
		Normal [ 0.000000 -0.970187 0.242359 ]
		Tangent [ -0.000033 0.081327 0.996687 ]
		Color 0
		U0 0.066798
		V0 0.383209
		U1 0.472079
		V1 0.443589
	Vertex
		Position [ 37.790970 -24.061300 -327.614014 ]
		Normal [ 0.000021 -0.707745 -0.706468 ]
		Tangent [ 0.000572 -0.706468 0.707745 ]
		Color 0
		U0 0.305394
		V0 0.383125
		U1 0.366371
		V1 0.443626
	Vertex
		Position [ 42.828072 -26.577600 -325.092987 ]
		Normal [ 0.000031 -0.762681 -0.646775 ]
		Tangent [ 0.000614 -0.646774 0.762681 ]
		Color 0
		U0 0.301337
		V0 0.394428
		U1 0.368169
		V1 0.438618
	Vertex
		Position [ 42.828068 -24.061300 -327.614014 ]
		Normal [ -0.000000 -0.707766 -0.706447 ]
		Tangent [ 0.000572 -0.706447 0.707766 ]
		Color 0
		U0 0.305337
		V0 0.394434
		U1 0.366397
		V1 0.438616
	Vertex
		Position [ 42.828072 -30.357201 -318.795013 ]
		Normal [ -0.000041 -0.870354 -0.492427 ]
		Tangent [ 0.000523 -0.492427 0.870354 ]
		Color 0
		U0 0.293089
		V0 0.394419
		U1 0.371823
		V1 0.438623
	Vertex
		Position [ 37.790974 -26.577900 -325.092987 ]
		Normal [ 0.000003 -0.812925 -0.582368 ]
		Tangent [ 0.000559 -0.582368 0.812925 ]
		Color 0
		U0 0.301394
		V0 0.383121
		U1 0.368143
		V1 0.443628
	Vertex
		Position [ 37.790974 -30.356701 -318.795013 ]
		Normal [ -0.000076 -0.882680 -0.469974 ]
		Tangent [ 0.000493 -0.469974 0.882680 ]
		Color 0
		U0 0.293147
		V0 0.383113
		U1 0.371798
		V1 0.443631
	Vertex
		Position [ 2.789039 30.044901 -237.871994 ]
		Normal [ -0.000176 0.822083 0.569367 ]
		Tangent [ -0.999759 0.012363 -0.018160 ]
		Color 0
		U0 0.222164
		V0 0.275571
		U1 0.034635
		V1 0.689723
	Vertex
		Position [ 5.308567 46.745800 -260.110992 ]
		Normal [ -0.000127 0.799633 0.600489 ]
		Tangent [ -0.999760 0.013044 -0.017582 ]
		Color 0
		U0 0.252361
		V0 0.269879
		U1 0.033682
		V1 0.662055
	Vertex
		Position [ 5.308569 30.045700 -237.871994 ]
		Normal [ 0.000005 0.843322 0.537408 ]
		Tangent [ -0.999742 0.012222 -0.019169 ]
		Color 0
		U0 0.222158
		V0 0.269741
		U1 0.033384
		V1 0.689667
	Vertex
		Position [ 5.308570 24.479700 -228.352997 ]
		Normal [ 0.000431 0.835437 0.549586 ]
		Tangent [ -0.999710 0.013585 -0.019868 ]
		Color 0
		U0 0.209782
		V0 0.269964
		U1 0.033257
		V1 0.700612
	Vertex
		Position [ 2.789042 13.994600 -213.292999 ]
		Normal [ 0.000374 0.820657 0.571422 ]
		Tangent [ -0.999707 0.014134 -0.019644 ]
		Color 0
		U0 0.189302
		V0 0.275967
		U1 0.034285
		V1 0.718891
	Vertex
		Position [ 2.789040 24.480700 -228.352005 ]
		Normal [ 0.000274 0.849675 0.527306 ]
		Tangent [ -0.999729 0.012515 -0.019646 ]
		Color 0
		U0 0.209807
		V0 0.275574
		U1 0.034508
		V1 0.700672
	Vertex
		Position [ 5.308563 41.175301 -305.940002 ]
		Normal [ 0.000023 0.432436 -0.901665 ]
		Tangent [ 0.999994 0.003068 0.001497 ]
		Color 0
		U0 0.303931
		V0 0.269173
		U1 0.497888
		V1 0.388947
	Vertex
		Position [ 2.789034 46.745800 -303.269012 ]
		Normal [ 0.000017 0.432364 -0.901699 ]
		Tangent [ 0.999994 0.003021 0.001468 ]
		Color 0
		U0 0.298361
		V0 0.275523
		U1 0.496647
		V1 0.382803
	Vertex
		Position [ 2.789033 41.175499 -305.940002 ]
		Normal [ 0.000023 0.432505 -0.901631 ]
		Tangent [ 0.999991 0.003792 0.001844 ]
		Color 0
		U0 0.304019
		V0 0.276370
		U1 0.496637
		V1 0.388938
	Vertex
		Position [ 5.308567 46.745800 -260.110992 ]
		Normal [ 0.000000 1.000000 0.000000 ]
		Tangent [ -0.000670 -0.005302 0.999986 ]
		Color 0
		U0 0.252361
		V0 0.269879
		U1 0.190306
		V1 0.733195
	Vertex
		Position [ 2.789034 46.745800 -303.269012 ]
		Normal [ 0.000000 1.000000 0.000000 ]
		Tangent [ -0.000804 0.023739 0.999718 ]
		Color 0
		U0 0.298361
		V0 0.275523
		U1 0.168912
		V1 0.730609
	Vertex
		Position [ 5.308563 46.745800 -303.269012 ]
		Normal [ 0.000000 1.000000 0.000000 ]
		Tangent [ -0.000695 0.045610 0.998959 ]
		Color 0
		U0 0.298386
		V0 0.270200
		U1 0.168910
		V1 0.733106
	Vertex
		Position [ 2.789037 46.745800 -260.110992 ]
		Normal [ -1.000000 0.000000 0.000000 ]
		Tangent [ -0.000484 -0.010731 0.999942 ]
		Color 0
		U0 0.252353
		V0 0.275443
		U1 0.190309
		V1 0.730692
	Vertex
		Position [ 2.789039 26.452299 -240.207001 ]
		Normal [ -1.000000 0.000000 0.000000 ]
		Tangent [ 0.000000 -0.023861 0.999715 ]
		Color 0
		U0 0.222031
		V0 0.285219
		U1 0.200387
		V1 0.710986
	Vertex
		Position [ 2.789037 42.465900 -261.565002 ]
		Normal [ -1.000000 0.000000 0.000000 ]
		Tangent [ 0.000000 -0.007483 0.999972 ]
		Color 0
		U0 0.252642
		V0 0.285203
		U1 0.189609
		V1 0.726436
	Vertex
		Position [ 2.789040 24.480700 -228.352005 ]
		Normal [ -1.000000 0.000000 0.000000 ]
		Tangent [ 0.000000 -0.038708 0.999251 ]
		Color 0
		U0 0.209807
		V0 0.275574
		U1 0.206308
		V1 0.709425
	Vertex
		Position [ 2.789041 12.087300 -216.453995 ]
		Normal [ -1.000000 0.000000 0.000000 ]
		Tangent [ 0.000000 -0.039934 0.999202 ]
		Color 0
		U0 0.191058
		V0 0.283471
		U1 0.212455
		V1 0.697608
	Vertex
		Position [ 2.789040 20.875000 -230.664993 ]
		Normal [ -1.000000 0.000000 0.000000 ]
		Tangent [ 0.000000 -0.035493 0.999370 ]
		Color 0
		U0 0.209745
		V0 0.285133
		U1 0.205228
		V1 0.705760
	Vertex
		Position [ 5.308561 7.785640 -324.632996 ]
		Normal [ -0.000000 0.639442 -0.768839 ]
		Tangent [ 0.999855 0.013100 0.010895 ]
		Color 0
		U0 0.346953
		V0 0.270095
		U1 0.497678
		V1 0.427050
	Vertex
		Position [ 2.789031 2.219240 -329.962006 ]
		Normal [ -0.000000 0.691535 -0.722342 ]
		Tangent [ 0.999849 0.012553 0.012018 ]
		Color 0
		U0 0.355671
		V0 0.275777
		U1 0.496359
		V1 0.434658
	Vertex
		Position [ 5.308561 2.219240 -329.962006 ]
		Normal [ -0.000000 0.691535 -0.722342 ]
		Tangent [ 0.999845 0.012698 0.012157 ]
		Color 0
		U0 0.355671
		V0 0.270230
		U1 0.497610
		V1 0.434702
	Vertex
		Position [ 2.789032 13.350600 -320.627014 ]
		Normal [ -0.000000 0.562770 -0.826613 ]
		Tangent [ 0.999862 0.013756 0.009365 ]
		Color 0
		U0 0.339126
		V0 0.275726
		U1 0.496485
		V1 0.420199
	Vertex
		Position [ 2.789032 7.785640 -324.632996 ]
		Normal [ -0.000000 0.639442 -0.768839 ]
		Tangent [ 0.999853 0.013174 0.010957 ]
		Color 0
		U0 0.346938
		V0 0.275800
		U1 0.496427
		V1 0.427007
	Vertex
		Position [ 5.308562 13.350600 -320.627014 ]
		Normal [ -0.000034 0.540897 -0.841089 ]
		Tangent [ 0.999878 0.013166 0.008426 ]
		Color 0
		U0 0.339136
		V0 0.270059
		U1 0.497737
		V1 0.420240
	Vertex
		Position [ 2.789032 18.915300 -317.251007 ]
		Normal [ -0.000068 0.515797 -0.856711 ]
		Tangent [ 0.999889 0.012802 0.007628 ]
		Color 0
		U0 0.331738
		V0 0.275645
		U1 0.496536
		V1 0.413739
	Vertex
		Position [ 2.789033 24.480700 -313.950989 ]
		Normal [ 0.000091 0.484687 -0.874687 ]
		Tangent [ 0.999929 0.010403 0.005869 ]
		Color 0
		U0 0.324400
		V0 0.275657
		U1 0.496577
		V1 0.407318
	Vertex
		Position [ 5.308562 18.915800 -317.251007 ]
		Normal [ -0.000001 0.512945 -0.858422 ]
		Tangent [ 0.999915 0.011205 0.006695 ]
		Color 0
		U0 0.331745
		V0 0.270048
		U1 0.497787
		V1 0.413774
	Vertex
		Position [ 5.308562 24.479700 -313.950989 ]
		Normal [ 0.000170 0.458870 -0.888503 ]
		Tangent [ 0.999950 0.008769 0.004720 ]
		Color 0
		U0 0.324404
		V0 0.269960
		U1 0.497829
		V1 0.407346
	Vertex
		Position [ 2.789033 30.044399 -311.281006 ]
		Normal [ 0.000147 0.432646 -0.901564 ]
		Tangent [ 0.999959 0.008131 0.004065 ]
		Color 0
		U0 0.317417
		V0 0.275624
		U1 0.496607
		V1 0.401193
	Vertex
		Position [ 2.789033 35.610401 -308.609985 ]
		Normal [ 0.000045 0.432600 -0.901586 ]
		Tangent [ 0.999979 0.005814 0.002840 ]
		Color 0
		U0 0.310530
		V0 0.275724
		U1 0.496626
		V1 0.395065
	Vertex
		Position [ 5.308563 30.045700 -311.279999 ]
		Normal [ 0.000090 0.432625 -0.901574 ]
		Tangent [ 0.999973 0.006578 0.003256 ]
		Color 0
		U0 0.317416
		V0 0.269946
		U1 0.497858
		V1 0.401212
	Vertex
		Position [ 5.308563 35.610401 -308.609985 ]
		Normal [ 0.000011 0.432579 -0.901596 ]
		Tangent [ 0.999988 0.004419 0.002133 ]
		Color 0
		U0 0.310562
		V0 0.269809
		U1 0.497877
		V1 0.395079
	Vertex
		Position [ 5.308570 24.479700 -228.352997 ]
		Normal [ 1.000000 0.000000 -0.000000 ]
		Tangent [ 0.000000 -0.036458 0.999335 ]
		Color 0
		U0 0.209782
		V0 0.269964
		U1 0.206275
		V1 0.754547
	Vertex
		Position [ 5.308571 12.086800 -216.453995 ]
		Normal [ 1.000000 0.000000 -0.000000 ]
		Tangent [ 0.000000 -0.037740 0.999288 ]
		Color 0
		U0 0.190971
		V0 0.262770
		U1 0.212409
		V1 0.766392
	Vertex
		Position [ 5.308571 13.994000 -213.292999 ]
		Normal [ 1.000000 0.000000 -0.000000 ]
		Tangent [ 0.000000 -0.038155 0.999272 ]
		Color 0
		U0 0.189277
		V0 0.270339
		U1 0.213941
		V1 0.764380
	Vertex
		Position [ 5.308570 20.874100 -230.664993 ]
		Normal [ 1.000000 0.000000 -0.000000 ]
		Tangent [ 0.000000 -0.033021 0.999455 ]
		Color 0
		U0 0.209646
		V0 0.260408
		U1 0.205190
		V1 0.758207
	Vertex
		Position [ 5.308569 30.045700 -237.871994 ]
		Normal [ 1.000000 0.000000 -0.000000 ]
		Tangent [ 0.000000 -0.027334 0.999626 ]
		Color 0
		U0 0.222158
		V0 0.269741
		U1 0.201473
		V1 0.749338
	Vertex
		Position [ 5.308569 26.453199 -240.207001 ]
		Normal [ 1.000000 0.000000 -0.000000 ]
		Tangent [ 0.000000 -0.021027 0.999779 ]
		Color 0
		U0 0.222007
		V0 0.260099
		U1 0.200356
		V1 0.752954
	Vertex
		Position [ 5.308567 46.745800 -260.110992 ]
		Normal [ 1.000000 0.000000 -0.000000 ]
		Tangent [ -0.000670 -0.005302 0.999986 ]
		Color 0
		U0 0.252361
		V0 0.269879
		U1 0.190306
		V1 0.733195
	Vertex
		Position [ 5.308564 42.465900 -300.575012 ]
		Normal [ 1.000000 0.000000 -0.000000 ]
		Tangent [ 0.000000 0.071724 0.997425 ]
		Color 0
		U0 0.296445
		V0 0.260155
		U1 0.170207
		V1 0.737393
	Vertex
		Position [ 5.308567 42.465900 -261.565002 ]
		Normal [ 1.000000 0.000000 -0.000000 ]
		Tangent [ 0.000000 -0.006803 0.999977 ]
		Color 0
		U0 0.252662
		V0 0.260120
		U1 0.189599
		V1 0.737446
	Vertex
		Position [ 5.308563 41.175301 -305.940002 ]
		Normal [ 1.000000 0.000000 -0.000000 ]
		Tangent [ 0.000000 0.228627 0.973514 ]
		Color 0
		U0 0.303931
		V0 0.269173
		U1 0.167494
		V1 0.737912
	Vertex
		Position [ 5.308563 46.745800 -303.269012 ]
		Normal [ 1.000000 0.000000 -0.000000 ]
		Tangent [ -0.000695 0.045610 0.998959 ]
		Color 0
		U0 0.298386
		V0 0.270200
		U1 0.168910
		V1 0.733106
	Vertex
		Position [ 5.308563 33.758701 -304.751007 ]
		Normal [ 1.000000 0.000000 -0.000000 ]
		Tangent [ 0.000000 0.350095 0.936714 ]
		Color 0
		U0 0.310429
		V0 0.259862
		U1 0.166840
		V1 0.745181
	Vertex
		Position [ 5.308563 35.610401 -308.609985 ]
		Normal [ 1.000000 0.000000 -0.000000 ]
		Tangent [ 0.000000 0.433427 0.901189 ]
		Color 0
		U0 0.310562
		V0 0.269809
		U1 0.165405
		V1 0.741939
	Vertex
		Position [ 5.308563 28.194000 -307.421997 ]
		Normal [ 1.000000 0.000000 -0.000000 ]
		Tangent [ 0.000000 0.493216 0.869907 ]
		Color 0
		U0 0.317415
		V0 0.260354
		U1 0.164289
		V1 0.749042
	Vertex
		Position [ 5.308562 24.479700 -313.950989 ]
		Normal [ 1.000000 0.000000 -0.000000 ]
		Tangent [ 0.000000 0.570382 0.821379 ]
		Color 0
		U0 0.324404
		V0 0.269960
		U1 0.160549
		V1 0.748688
	Vertex
		Position [ 5.308563 22.458300 -310.174011 ]
		Normal [ 1.000000 0.000000 -0.000000 ]
		Tangent [ 0.000000 0.561199 0.827681 ]
		Color 0
		U0 0.324424
		V0 0.260266
		U1 0.161507
		V1 0.752432
	Vertex
		Position [ 5.308563 16.714199 -313.580994 ]
		Normal [ 1.000000 0.000000 -0.000000 ]
		Tangent [ 0.000000 0.623900 0.781504 ]
		Color 0
		U0 0.331756
		V0 0.260567
		U1 0.158369
		V1 0.755006
	Vertex
		Position [ 5.308562 18.915800 -317.251007 ]
		Normal [ 1.000000 0.000000 -0.000000 ]
		Tangent [ 0.000000 0.632416 0.774629 ]
		Color 0
		U0 0.331745
		V0 0.270048
		U1 0.157620
		V1 0.751001
	Vertex
		Position [ 5.308562 13.350600 -320.627014 ]
		Normal [ 1.000000 0.000000 -0.000000 ]
		Tangent [ 0.000000 0.651412 0.758724 ]
		Color 0
		U0 0.339136
		V0 0.270059
		U1 0.154594
		V1 0.753064
	Vertex
		Position [ 5.308562 10.986900 -317.054993 ]
		Normal [ 1.000000 0.000000 -0.000000 ]
		Tangent [ 0.000000 0.650755 0.759288 ]
		Color 0
		U0 0.339103
		V0 0.260464
		U1 0.155177
		V1 0.757150
	Vertex
		Position [ 5.308562 5.042160 -321.334015 ]
		Normal [ 1.000000 0.000000 -0.000000 ]
		Tangent [ 0.000000 0.661096 0.750301 ]
		Color 0
		U0 0.347082
		V0 0.260367
		U1 0.151616
		V1 0.758786
	Vertex
		Position [ 5.308561 7.785640 -324.632996 ]
		Normal [ 1.000000 0.000000 -0.000000 ]
		Tangent [ 0.000000 0.663212 0.748431 ]
		Color 0
		U0 0.346953
		V0 0.270095
		U1 0.151286
		V1 0.754585
	Vertex
		Position [ 5.308561 2.219240 -326.734009 ]
		Normal [ 1.000000 0.000000 -0.000000 ]
		Tangent [ 0.000000 0.664692 0.747118 ]
		Color 0
		U0 0.353216
		V0 0.265074
		U1 0.148671
		V1 0.757323
	Vertex
		Position [ 2.789032 7.785640 -324.632996 ]
		Normal [ -1.000000 0.000000 0.000000 ]
		Tangent [ 0.000000 0.631876 0.775069 ]
		Color 0
		U0 0.346938
		V0 0.275800
		U1 0.151597
		V1 0.707805
	Vertex
		Position [ 2.789032 2.219240 -326.734009 ]
		Normal [ -1.000000 0.000000 0.000000 ]
		Tangent [ 0.000000 0.633953 0.773372 ]
		Color 0
		U0 0.353192
		V0 0.280900
		U1 0.149042
		V1 0.704854
	Vertex
		Position [ 2.789031 2.219240 -329.962006 ]
		Normal [ -1.000000 0.000000 0.000000 ]
		Tangent [ 0.000000 0.634817 0.772662 ]
		Color 0
		U0 0.355671
		V0 0.275777
		U1 0.147803
		V1 0.706892
	Vertex
		Position [ 2.789032 5.042180 -321.334015 ]
		Normal [ -1.000000 0.000000 0.000000 ]
		Tangent [ 0.000000 0.628558 0.777763 ]
		Color 0
		U0 0.347038
		V0 0.285528
		U1 0.152016
		V1 0.703632
	Vertex
		Position [ 2.789032 13.350600 -320.627014 ]
		Normal [ -1.000000 0.000000 0.000000 ]
		Tangent [ 0.000000 0.617425 0.786630 ]
		Color 0
		U0 0.339126
		V0 0.275726
		U1 0.154866
		V1 0.709608
	Vertex
		Position [ 2.789032 10.986800 -317.054993 ]
		Normal [ -1.000000 0.000000 0.000000 ]
		Tangent [ 0.000000 0.616417 0.787420 ]
		Color 0
		U0 0.339062
		V0 0.285321
		U1 0.155539
		V1 0.705577
	Vertex
		Position [ 2.789033 16.713800 -313.580994 ]
		Normal [ -1.000000 0.000000 0.000000 ]
		Tangent [ 0.000000 0.589097 0.808062 ]
		Color 0
		U0 0.331724
		V0 0.285124
		U1 0.158680
		V1 0.708002
	Vertex
		Position [ 2.789032 18.915300 -317.251007 ]
		Normal [ -1.000000 0.000000 0.000000 ]
		Tangent [ 0.000000 0.598138 0.801393 ]
		Color 0
		U0 0.331738
		V0 0.275645
		U1 0.157844
		V1 0.711939
	Vertex
		Position [ 2.789033 24.480700 -313.950989 ]
		Normal [ -1.000000 0.000000 0.000000 ]
		Tangent [ 0.000000 0.553795 0.832653 ]
		Color 0
		U0 0.324400
		V0 0.275657
		U1 0.160723
		V1 0.714507
	Vertex
		Position [ 2.789033 22.459400 -310.174011 ]
		Normal [ -1.000000 0.000000 0.000000 ]
		Tangent [ 0.000000 0.519186 0.854661 ]
		Color 0
		U0 0.324400
		V0 0.285353
		U1 0.161756
		V1 0.710839
	Vertex
		Position [ 2.789033 30.044399 -311.281006 ]
		Normal [ -1.000000 0.000000 0.000000 ]
		Tangent [ 0.000000 0.485528 0.874221 ]
		Color 0
		U0 0.317417
		V0 0.275624
		U1 0.163198
		V1 0.717833
	Vertex
		Position [ 2.789033 28.192699 -307.421997 ]
		Normal [ -1.000000 0.000000 0.000000 ]
		Tangent [ 0.000000 0.441603 0.897211 ]
		Color 0
		U0 0.317403
		V0 0.285217
		U1 0.164465
		V1 0.714435
	Vertex
		Position [ 2.789033 35.610401 -308.609985 ]
		Normal [ -1.000000 0.000000 0.000000 ]
		Tangent [ 0.000000 0.356810 0.934177 ]
		Color 0
		U0 0.310530
		V0 0.275724
		U1 0.165466
		V1 0.721607
	Vertex
		Position [ 2.789033 33.758900 -304.751007 ]
		Normal [ -1.000000 0.000000 0.000000 ]
		Tangent [ 0.000000 0.350367 0.936613 ]
		Color 0
		U0 0.310419
		V0 0.285688
		U1 0.166945
		V1 0.718451
	Vertex
		Position [ 2.789034 39.324600 -302.080994 ]
		Normal [ -1.000000 0.000000 0.000000 ]
		Tangent [ 0.000000 0.240963 0.970534 ]
		Color 0
		U0 0.302710
		V0 0.285781
		U1 0.169135
		V1 0.723214
	Vertex
		Position [ 2.789033 41.175499 -305.940002 ]
		Normal [ -1.000000 0.000000 0.000000 ]
		Tangent [ 0.000000 0.178326 0.983972 ]
		Color 0
		U0 0.304019
		V0 0.276370
		U1 0.167508
		V1 0.725755
	Vertex
		Position [ 2.789034 42.465900 -300.575012 ]
		Normal [ -1.000000 0.000000 0.000000 ]
		Tangent [ 0.000000 0.086261 0.996273 ]
		Color 0
		U0 0.296420
		V0 0.285557
		U1 0.170220
		V1 0.726334
	Vertex
		Position [ 2.789034 46.745800 -303.269012 ]
		Normal [ -1.000000 0.000000 0.000000 ]
		Tangent [ -0.000804 0.023739 0.999718 ]
		Color 0
		U0 0.298361
		V0 0.275523
		U1 0.168912
		V1 0.730609
	Vertex
		Position [ 2.789039 30.044901 -237.871994 ]
		Normal [ -1.000000 0.000000 0.000000 ]
		Tangent [ 0.000000 -0.029980 0.999551 ]
		Color 0
		U0 0.222164
		V0 0.275571
		U1 0.201500
		V1 0.714609
	Vertex
		Position [ 11.898392 4.738280 -95.533897 ]
		Normal [ 0.000041 1.000000 -0.000025 ]
		Tangent [ -0.026812 -0.023497 0.999364 ]
		Color 0
		U0 0.543929
		V0 0.524902
		U1 0.061391
		V1 0.673676
	Vertex
		Position [ 26.497990 4.737550 -100.571999 ]
		Normal [ -0.000016 1.000000 -0.000028 ]
		Tangent [ -0.000008 0.000028 1.000000 ]
		Color 0
		U0 0.538307
		V0 0.559955
		U1 0.058889
		V1 0.688175
	Vertex
		Position [ 29.017591 4.738040 -95.533798 ]
		Normal [ -0.000023 1.000000 -0.000036 ]
		Tangent [ 0.000045 0.000036 1.000000 ]
		Color 0
		U0 0.543929
		V0 0.559955
		U1 0.061391
		V1 0.690677
	Vertex
		Position [ 38.247982 5.336670 -200.218994 ]
		Normal [ 0.000000 1.000000 0.000000 ]
		Tangent [ 0.014921 0.024422 0.999590 ]
		Color 0
		U0 0.295425
		V0 0.767711
		U1 0.307178
		V1 0.357333
	Vertex
		Position [ 54.361282 5.336670 -216.623993 ]
		Normal [ 0.000000 1.000000 0.000000 ]
		Tangent [ 0.029832 0.000000 0.999555 ]
		Color 0
		U0 0.276679
		V0 0.732772
		U1 0.299444
		V1 0.373931
	Vertex
		Position [ 73.486282 5.336670 -200.218994 ]
		Normal [ 0.000000 1.000000 0.000000 ]
		Tangent [ 0.009845 0.000000 0.999952 ]
		Color 0
		U0 0.254837
		V0 0.767630
		U1 0.307160
		V1 0.393271
	Vertex
		Position [ -7.906256 6.086180 -66.349701 ]
		Normal [ -1.000000 0.000000 0.000000 ]
		Tangent [ -0.006978 -0.029678 0.999535 ]
		Color 0
		U0 0.168693
		V0 0.600166
		U1 0.465325
		V1 0.623690
	Vertex
		Position [ -7.906254 -1.309080 -47.225601 ]
		Normal [ -1.000000 0.000000 0.000000 ]
		Tangent [ 0.000000 -0.059320 0.998239 ]
		Color 0
		U0 0.146370
		V0 0.614776
		U1 0.475047
		V1 0.617328
	Vertex
		Position [ -7.906256 -1.309080 -66.349701 ]
		Normal [ -1.000000 0.000000 0.000000 ]
		Tangent [ 0.000000 -0.076044 0.997104 ]
		Color 0
		U0 0.167178
		V0 0.618363
		U1 0.465984
		V1 0.615765
	Vertex
		Position [ 7.908195 -1.309080 -47.225601 ]
		Normal [ 0.000000 0.000000 1.000000 ]
		Tangent [ -1.000000 0.000000 0.000000 ]
		Color 0
		U0 0.138993
		V0 0.563192
		U1 0.878811
		V1 0.442832
	Vertex
		Position [ -7.906254 6.086180 -47.225601 ]
		Normal [ 0.000000 0.000000 1.000000 ]
		Tangent [ -1.000000 0.000000 0.000000 ]
		Color 0
		U0 0.147242
		V0 0.598358
		U1 0.886664
		V1 0.435487
	Vertex
		Position [ 7.906246 6.086180 -47.225601 ]
		Normal [ 0.000000 0.000000 1.000000 ]
		Tangent [ -1.000000 0.000000 0.000000 ]
		Color 0
		U0 0.147269
		V0 0.563332
		U1 0.878812
		V1 0.435487
	Vertex
		Position [ 29.017591 4.738040 -95.533798 ]
		Normal [ 0.859434 -0.000004 0.511247 ]
		Tangent [ -0.511247 -0.000171 0.859434 ]
		Color 0
		U0 0.543929
		V0 0.559955
		U1 0.596647
		V1 0.099375
	Vertex
		Position [ 41.007790 -1.309080 -115.690002 ]
		Normal [ 0.859434 -0.000004 0.511247 ]
		Tangent [ -0.460506 -0.131091 0.877924 ]
		Color 0
		U0 0.550670
		V0 0.605986
		U1 0.585001
		V1 0.105384
	Vertex
		Position [ 29.017591 -1.309080 -95.533897 ]
		Normal [ 0.859433 -0.000008 0.511248 ]
		Tangent [ -0.511248 -0.000171 0.859433 ]
		Color 0
		U0 0.550670
		V0 0.559955
		U1 0.596647
		V1 0.105380
	Vertex
		Position [ 35.968788 -0.309082 -115.690002 ]
		Normal [ -0.847442 0.000000 -0.530887 ]
		Tangent [ 0.530887 -0.000234 -0.847442 ]
		Color 0
		U0 0.532680
		V0 0.605986
		U1 0.650339
		V1 0.300700
	Vertex
		Position [ 26.497990 4.737550 -100.571999 ]
		Normal [ -0.847442 0.000000 -0.530887 ]
		Tangent [ 0.530887 -0.000234 -0.847442 ]
		Color 0
		U0 0.538307
		V0 0.559955
		U1 0.641481
		V1 0.295692
	Vertex
		Position [ 26.497990 -0.309082 -100.571999 ]
		Normal [ -0.847442 0.000000 -0.530887 ]
		Tangent [ 0.530887 -0.000225 -0.847442 ]
		Color 0
		U0 0.532680
		V0 0.559955
		U1 0.641481
		V1 0.300704
	Vertex
		Position [ 12.173792 4.738530 -100.572998 ]
		Normal [ 0.000035 -0.000099 -1.000000 ]
		Tangent [ 1.000000 0.000282 0.000035 ]
		Color 0
		U0 0.538307
		V0 0.524902
		U1 0.634368
		V1 0.295687
	Vertex
		Position [ 26.497990 -0.309082 -100.571999 ]
		Normal [ 0.000035 -0.000099 -1.000000 ]
		Tangent [ 1.000000 0.000282 0.000035 ]
		Color 0
		U0 0.532680
		V0 0.559955
		U1 0.641481
		V1 0.300704
	Vertex
		Position [ 26.497990 4.737550 -100.571999 ]
		Normal [ 0.000070 0.000000 -1.000000 ]
		Tangent [ 1.000000 0.000284 0.000070 ]
		Color 0
		U0 0.538307
		V0 0.559955
		U1 0.641481
		V1 0.295692
	Vertex
		Position [ 11.898392 -1.309080 -95.533798 ]
		Normal [ 0.000000 -0.000000 1.000000 ]
		Tangent [ -1.000000 0.000242 0.000000 ]
		Color 0
		U0 0.550670
		V0 0.524902
		U1 0.605147
		V1 0.105384
	Vertex
		Position [ 29.017591 4.738040 -95.533798 ]
		Normal [ 0.000000 -0.000000 1.000000 ]
		Tangent [ -1.000000 0.000242 0.000000 ]
		Color 0
		U0 0.543929
		V0 0.559955
		U1 0.596647
		V1 0.099375
	Vertex
		Position [ 29.017591 -1.309080 -95.533897 ]
		Normal [ 0.000006 -0.000017 1.000000 ]
		Tangent [ -1.000000 0.000235 0.000006 ]
		Color 0
		U0 0.550670
		V0 0.559955
		U1 0.596647
		V1 0.105380
	Vertex
		Position [ 73.486282 5.336670 -200.218994 ]
		Normal [ 0.651069 0.000000 -0.759018 ]
		Tangent [ 0.758509 0.036641 0.650632 ]
		Color 0
		U0 0.254837
		V0 0.767630
		U1 0.450553
		V1 0.010030
	Vertex
		Position [ 54.361282 1.090920 -216.623993 ]
		Normal [ 0.651069 0.000000 -0.759018 ]
		Tangent [ 0.758509 0.036641 0.650632 ]
		Color 0
		U0 0.274666
		V0 0.724807
		U1 0.437973
		V1 0.013327
	Vertex
		Position [ 73.486282 -1.309080 -200.218994 ]
		Normal [ 0.651069 0.000000 -0.759018 ]
		Tangent [ 0.758509 0.036641 0.650632 ]
		Color 0
		U0 0.249888
		V0 0.755807
		U1 0.450432
		V1 0.016626
	Vertex
		Position [ 54.361282 5.336670 -216.623993 ]
		Normal [ -0.000000 0.000000 -1.000000 ]
		Tangent [ 0.999390 0.034934 -0.000000 ]
		Color 0
		U0 0.276679
		V0 0.732772
		U1 0.438049
		V1 0.009113
	Vertex
		Position [ 38.247982 1.090920 -216.623993 ]
		Normal [ -0.000000 0.000000 -1.000000 ]
		Tangent [ 0.999390 0.034934 -0.000000 ]
		Color 0
		U0 0.293877
		V0 0.720334
		U1 0.429978
		V1 0.012768
	Vertex
		Position [ 54.361282 1.090920 -216.623993 ]
		Normal [ -0.000000 0.000000 -1.000000 ]
		Tangent [ 0.999390 0.034934 -0.000000 ]
		Color 0
		U0 0.274666
		V0 0.724807
		U1 0.437973
		V1 0.013327
	Vertex
		Position [ -12.947310 -1.309080 -115.690002 ]
		Normal [ -0.998698 0.000117 0.051017 ]
		Tangent [ 0.050851 -0.078510 0.995616 ]
		Color 0
		U0 0.225278
		V0 0.631197
		U1 0.281194
		V1 0.295448
	Vertex
		Position [ -10.425806 7.262210 -66.349701 ]
		Normal [ -0.998698 0.000117 0.051017 ]
		Tangent [ 0.013823 -0.039312 0.999131 ]
		Color 0
		U0 0.170911
		V0 0.603850
		U1 0.305483
		V1 0.307666
	Vertex
		Position [ -10.425806 -1.309080 -66.349701 ]
		Normal [ -0.998697 0.000000 0.051038 ]
		Tangent [ 0.050862 -0.082909 0.995258 ]
		Color 0
		U0 0.169685
		V0 0.622334
		U1 0.306031
		V1 0.299408
	Vertex
		Position [ 35.968788 4.738280 -115.690002 ]
		Normal [ -0.000041 1.000000 -0.000002 ]
		Tangent [ 0.000047 0.000002 1.000000 ]
		Color 0
		U0 0.538307
		V0 0.605986
		U1 0.051381
		V1 0.697581
	Vertex
		Position [ 41.007790 4.738040 -115.690002 ]
		Normal [ 0.000048 1.000000 0.000028 ]
		Tangent [ 0.000053 -0.000028 1.000000 ]
		Color 0
		U0 0.543929
		V0 0.605986
		U1 0.051381
		V1 0.702585
	Vertex
		Position [ -9.818369 17.335899 -98.708603 ]
		Normal [ -0.095644 0.993881 0.055258 ]
		Tangent [ 0.000044 -0.055509 0.998458 ]
		Color 0
		U0 0.769242
		V0 0.200030
		U1 0.776920
		V1 0.010066
	Vertex
		Position [ -11.335910 17.336201 -104.376999 ]
		Normal [ -0.110445 0.993882 -0.000001 ]
		Tangent [ 0.000000 0.000001 1.000000 ]
		Color 0
		U0 0.767535
		V0 0.212779
		U1 0.774096
		V1 0.008554
	Vertex
		Position [ -0.000009 18.595900 -104.376999 ]
		Normal [ -0.000030 1.000000 -0.000042 ]
		Tangent [ 0.000013 0.000042 1.000000 ]
		Color 0
		U0 0.780283
		V0 0.212779
		U1 0.774096
		V1 0.019849
	Vertex
		Position [ -5.667978 17.335699 -94.558502 ]
		Normal [ -0.055275 0.993879 0.095655 ]
		Tangent [ 0.000035 -0.095800 0.995401 ]
		Color 0
		U0 0.773908
		V0 0.190696
		U1 0.778988
		V1 0.014201
	Vertex
		Position [ -0.000008 17.336399 -93.039803 ]
		Normal [ -0.000088 0.993886 0.110415 ]
		Tangent [ 0.000000 -0.110415 0.993886 ]
		Color 0
		U0 0.780282
		V0 0.187281
		U1 0.779744
		V1 0.019849
	Vertex
		Position [ 5.667962 17.336700 -94.558502 ]
		Normal [ 0.055171 0.993888 0.095615 ]
		Tangent [ -0.000038 -0.095759 0.995405 ]
		Color 0
		U0 0.786656
		V0 0.190696
		U1 0.778988
		V1 0.025497
	Vertex
		Position [ 9.818352 17.336700 -98.708603 ]
		Normal [ 0.095641 0.993888 0.055125 ]
		Tangent [ -0.000041 -0.055375 0.998466 ]
		Color 0
		U0 0.791323
		V0 0.200030
		U1 0.776920
		V1 0.029632
	Vertex
		Position [ 11.335891 17.335899 -104.376999 ]
		Normal [ 0.110471 0.993879 -0.000001 ]
		Tangent [ -0.053382 -0.000363 0.998574 ]
		Color 0
		U0 0.793030
		V0 0.212779
		U1 0.774096
		V1 0.031144
	Vertex
		Position [ 9.818351 17.336700 -110.044998 ]
		Normal [ 0.095638 0.993888 -0.055134 ]
		Tangent [ 0.258478 0.022256 0.965761 ]
		Color 0
		U0 0.791323
		V0 0.225525
		U1 0.771272
		V1 0.029632
	Vertex
		Position [ 5.667960 17.336700 -114.194000 ]
		Normal [ 0.054978 0.993887 -0.095741 ]
		Tangent [ 0.000038 0.095884 0.995393 ]
		Color 0
		U0 0.786656
		V0 0.234857
		U1 0.769205
		V1 0.025497
	Vertex
		Position [ -0.000010 17.336399 -115.690002 ]
		Normal [ -0.000088 0.993860 -0.110648 ]
		Tangent [ 0.000000 0.110648 0.993860 ]
		Color 0
		U0 0.780283
		V0 0.238221
		U1 0.768460
		V1 0.019849
	Vertex
		Position [ -5.667980 17.335699 -114.194000 ]
		Normal [ -0.055082 0.993877 -0.095781 ]
		Tangent [ 0.000043 0.095929 0.995388 ]
		Color 0
		U0 0.773909
		V0 0.234858
		U1 0.769205
		V1 0.014202
	Vertex
		Position [ -9.818370 17.335899 -110.044998 ]
		Normal [ -0.095641 0.993880 -0.055267 ]
		Tangent [ 0.000033 0.055525 0.998457 ]
		Color 0
		U0 0.769242
		V0 0.225526
		U1 0.771272
		V1 0.010066
	Vertex
		Position [ -9.818369 17.335899 -98.708603 ]
		Normal [ -0.907128 -0.000026 0.420854 ]
		Tangent [ -0.420854 0.000510 -0.907128 ]
		Color 0
		U0 0.292155
		V0 0.700993
		U1 0.305337
		V1 0.195148
	Vertex
		Position [ -11.335609 6.136180 -104.376999 ]
		Normal [ -0.996042 -0.000028 0.088881 ]
		Tangent [ -0.088881 0.000726 -0.996042 ]
		Color 0
		U0 0.285583
		V0 0.675880
		U1 0.308249
		V1 0.206274
	Vertex
		Position [ -11.335910 17.336201 -104.376999 ]
		Normal [ -0.996041 -0.000028 -0.088900 ]
		Tangent [ 0.088900 0.000753 -0.996040 ]
		Color 0
		U0 0.285576
		V0 0.700986
		U1 0.308252
		V1 0.195152
	Vertex
		Position [ -9.818040 6.135940 -110.044998 ]
		Normal [ -0.866032 -0.000025 -0.499988 ]
		Tangent [ 0.499988 0.000801 -0.866032 ]
		Color 0
		U0 0.279008
		V0 0.675870
		U1 0.311162
		V1 0.206279
	Vertex
		Position [ -9.818370 17.335899 -110.044998 ]
		Normal [ -0.866033 -0.000026 -0.499987 ]
		Tangent [ 0.499987 0.000755 -0.866033 ]
		Color 0
		U0 0.279000
		V0 0.700977
		U1 0.311166
		V1 0.195156
	Vertex
		Position [ -5.667980 17.335699 -114.194000 ]
		Normal [ -0.498305 -0.000015 -0.867002 ]
		Tangent [ 0.867002 0.000844 -0.498305 ]
		Color 0
		U0 0.272421
		V0 0.700965
		U1 0.314080
		V1 0.195161
	Vertex
		Position [ 0.000319 6.136430 -115.690002 ]
		Normal [ -0.087641 -0.000003 -0.996152 ]
		Tangent [ 0.996152 0.000319 -0.087641 ]
		Color 0
		U0 0.265860
		V0 0.675850
		U1 0.316987
		V1 0.206288
	Vertex
		Position [ -0.000010 17.336399 -115.690002 ]
		Normal [ 0.087641 0.000003 -0.996152 ]
		Tangent [ 0.996152 -0.000148 0.087641 ]
		Color 0
		U0 0.265851
		V0 0.700956
		U1 0.316991
		V1 0.195165
	Vertex
		Position [ 5.668290 6.136670 -114.194000 ]
		Normal [ 0.418623 0.000012 -0.908160 ]
		Tangent [ 0.908160 -0.000676 0.418623 ]
		Color 0
		U0 0.338195
		V0 0.675859
		U1 0.284940
		V1 0.206284
	Vertex
		Position [ -0.000010 17.336399 -115.690002 ]
		Normal [ 0.087641 0.000003 -0.996152 ]
		Tangent [ 0.996152 -0.000148 0.087641 ]
		Color 0
		U0 0.344773
		V0 0.700956
		U1 0.282025
		V1 0.195165
	Vertex
		Position [ 0.000319 6.136430 -115.690002 ]
		Normal [ -0.087641 -0.000003 -0.996152 ]
		Tangent [ 0.996152 0.000319 -0.087641 ]
		Color 0
		U0 0.344765
		V0 0.675850
		U1 0.282029
		V1 0.206288
	Vertex
		Position [ 5.667960 17.336700 -114.194000 ]
		Normal [ 0.573979 0.000017 -0.818870 ]
		Tangent [ 0.818870 -0.000689 0.573979 ]
		Color 0
		U0 0.338203
		V0 0.700965
		U1 0.284936
		V1 0.195161
	Vertex
		Position [ 9.818681 6.136670 -110.044998 ]
		Normal [ 0.818080 0.000024 -0.575105 ]
		Tangent [ 0.575105 -0.000689 0.818079 ]
		Color 0
		U0 0.331618
		V0 0.675868
		U1 0.287854
		V1 0.206280
	Vertex
		Position [ 9.818351 17.336700 -110.044998 ]
		Normal [ 0.907104 0.000029 -0.420906 ]
		Tangent [ 0.258478 0.022256 0.965761 ]
		Color 0
		U0 0.331625
		V0 0.700974
		U1 0.287851
		V1 0.195157
	Vertex
		Position [ 11.336290 6.135940 -104.376999 ]
