TXT
MeshData
	maxDiffuseMipLevel 0
	hasValidTangents TRUE
	BoundingRadius 106.895935
	MaxBoundingExtents [ 76.243874 87.625877 76.243752 ]
	MinBoundingExtents [ -76.243874 -43.389126 -76.243752 ]
	NumMaterials 1
	Material
		DiffuseTextureFileName "Goauld_CapitalColony_Cheops-cl.dds"
		SelfIlluminationTextureFileName "Goauld_CapitalColony_Cheops-da.dds"
		NormalTextureFileName "Goauld_CapitalColony_Cheops-nm.dds"
		DisplacementTextureFileName ""
		TeamColorTextureFileName ""
		Diffuse ffffffff
		Ambient ffffffff
		Specular ffffffff
		Emissive ffffffff
		Glossiness 50.000000
	NumPoints 35
	Point
		DataString "Center"
		Position [ 0.000000 0.000000 0.000000 ]
		Orientation
			 [ 1.000000 0.000000 -0.000000 ]
			 [ 0.000000 1.000000 -0.000000 ]
			 [ -0.000000 -0.000000 1.000000 ]
	Point
		DataString "Above"
		Position [ 0.000000 125.000000 0.000000 ]
		Orientation
			 [ 1.000000 0.000000 -0.000000 ]
			 [ 0.000000 1.000000 -0.000000 ]
			 [ -0.000000 -0.000000 1.000000 ]
	Point
		DataString "Aura"
		Position [ 0.000000 -125.000000 0.000000 ]
		Orientation
			 [ 1.000000 0.000000 -0.000000 ]
			 [ 0.000000 1.000000 -0.000000 ]
			 [ -0.000000 -0.000000 1.000000 ]
	Point
		DataString "Weapon-0"
		Position [ 26.859884 -35.900368 71.291756 ]
		Orientation
			 [ 1.000000 0.000000 -0.000000 ]
			 [ 0.000000 0.866025 0.500000 ]
			 [ -0.000000 -0.500000 0.866025 ]
	Point
		DataString "Weapon-0"
		Position [ -26.859869 -35.900375 71.291748 ]
		Orientation
			 [ 1.000000 0.000000 -0.000000 ]
			 [ 0.000000 0.866025 0.500000 ]
			 [ -0.000000 -0.500000 0.866025 ]
	Point
		DataString "Weapon-0"
		Position [ -26.859880 -35.900375 -71.291748 ]
		Orientation
			 [ -1.000000 0.000000 -0.000000 ]
			 [ 0.000000 0.866025 -0.500000 ]
			 [ 0.000000 -0.500000 -0.866025 ]
	Point
		DataString "Weapon-0"
		Position [ 26.859869 -35.900375 -71.291748 ]
		Orientation
			 [ -1.000000 0.000000 -0.000000 ]
			 [ 0.000000 0.866025 -0.500000 ]
			 [ 0.000000 -0.500000 -0.866025 ]
	Point
		DataString "Weapon-0"
		Position [ -71.318977 -35.900375 26.717031 ]
		Orientation
			 [ -0.000000 -0.000000 1.000000 ]
			 [ -0.500000 0.866025 -0.000000 ]
			 [ -0.866025 -0.500000 -0.000000 ]
	Point
		DataString "Weapon-0"
		Position [ -71.319000 -35.900375 -26.716993 ]
		Orientation
			 [ -0.000000 -0.000000 1.000000 ]
			 [ -0.500000 0.866025 -0.000000 ]
			 [ -0.866025 -0.500000 -0.000000 ]
	Point
		DataString "Weapon-0"
		Position [ 71.319000 -35.900375 -26.717005 ]
		Orientation
			 [ -0.000000 0.000000 -1.000000 ]
			 [ 0.500000 0.866025 -0.000000 ]
			 [ 0.866025 -0.500000 -0.000000 ]
	Point
		DataString "Weapon-0"
		Position [ 71.319000 -35.900375 26.717020 ]
		Orientation
			 [ -0.000000 0.000000 -1.000000 ]
			 [ 0.500000 0.866025 -0.000000 ]
			 [ 0.866025 -0.500000 -0.000000 ]
	Point
		DataString "Weapon-1"
		Position [ 17.885336 -35.900375 71.291748 ]
		Orientation
			 [ 1.000000 0.000000 -0.000000 ]
			 [ 0.000000 0.866025 0.500000 ]
			 [ -0.000000 -0.500000 0.866025 ]
	Point
		DataString "Weapon-1"
		Position [ -17.885370 -35.900375 71.291748 ]
		Orientation
			 [ 1.000000 0.000000 -0.000000 ]
			 [ 0.000000 0.866025 0.500000 ]
			 [ -0.000000 -0.500000 0.866025 ]
	Point
		DataString "Weapon-1"
		Position [ -17.885382 -35.900375 -71.291748 ]
		Orientation
			 [ -1.000000 0.000000 -0.000000 ]
			 [ 0.000000 0.866025 -0.500000 ]
			 [ 0.000000 -0.500000 -0.866025 ]
	Point
		DataString "Weapon-1"
		Position [ 17.885370 -35.900375 -71.291748 ]
		Orientation
			 [ -1.000000 0.000000 0.000000 ]
			 [ -0.000000 0.866025 -0.500000 ]
			 [ -0.000000 -0.500000 -0.866025 ]
	Point
		DataString "Weapon-1"
		Position [ -71.319000 -35.900375 17.880070 ]
		Orientation
			 [ -0.000000 -0.000000 1.000000 ]
			 [ -0.500000 0.866025 -0.000000 ]
			 [ -0.866025 -0.500000 -0.000000 ]
	Point
		DataString "Weapon-1"
		Position [ -71.319000 -35.900375 -17.880119 ]
		Orientation
			 [ -0.000000 -0.000000 1.000000 ]
			 [ -0.500000 0.866025 -0.000000 ]
			 [ -0.866025 -0.500000 -0.000000 ]
	Point
		DataString "Weapon-1"
		Position [ 71.319000 -35.900375 17.880119 ]
		Orientation
			 [ -0.000000 0.000000 -1.000000 ]
			 [ 0.500000 0.866025 -0.000000 ]
			 [ 0.866025 -0.500000 -0.000000 ]
	Point
		DataString "Weapon-1"
		Position [ 71.319000 -35.900375 -17.880131 ]
		Orientation
			 [ -0.000000 0.000000 -1.000000 ]
			 [ 0.500000 0.866025 -0.000000 ]
			 [ 0.866025 -0.500000 -0.000000 ]
	Point
		DataString "Weapon-2"
		Position [ -8.853244 -35.900375 71.291748 ]
		Orientation
			 [ 1.000000 0.000000 -0.000000 ]
			 [ 0.000000 0.866025 0.500000 ]
			 [ -0.000000 -0.500000 0.866025 ]
	Point
		DataString "Weapon-2"
		Position [ -8.853257 -35.900375 -71.291748 ]
		Orientation
			 [ -1.000000 0.000000 -0.000000 ]
			 [ 0.000000 0.866025 -0.500000 ]
			 [ 0.000000 -0.500000 -0.866025 ]
	Point
		DataString "Weapon-2"
		Position [ 8.853244 -35.900375 -71.291748 ]
		Orientation
			 [ -1.000000 0.000000 -0.000000 ]
			 [ 0.000000 0.866025 -0.500000 ]
			 [ 0.000000 -0.500000 -0.866025 ]
	Point
		DataString "Weapon-2"
		Position [ -71.319000 -35.900375 8.955643 ]
		Orientation
			 [ -0.000000 -0.000000 1.000000 ]
			 [ -0.500000 0.866025 -0.000000 ]
			 [ -0.866025 -0.500000 -0.000000 ]
	Point
		DataString "Weapon-2"
		Position [ 71.319000 -35.900375 8.955619 ]
		Orientation
			 [ -0.000000 0.000000 -1.000000 ]
			 [ 0.500000 0.866025 -0.000000 ]
			 [ 0.866025 -0.500000 -0.000000 ]
	Point
		DataString "Weapon-2"
		Position [ -71.319000 -35.900375 -8.955619 ]
		Orientation
			 [ -0.000000 -0.000000 1.000000 ]
			 [ -0.500000 0.866025 -0.000000 ]
			 [ -0.866025 -0.500000 -0.000000 ]
	Point
		DataString "Weapon-2"
		Position [ 71.319000 -35.900375 -8.955632 ]
		Orientation
			 [ -0.000000 0.000000 -1.000000 ]
			 [ 0.500000 0.866025 -0.000000 ]
			 [ 0.866025 -0.500000 -0.000000 ]
	Point
		DataString "Hangar"
		Position [ 0.000002 59.966160 19.725273 ]
		Orientation
			 [ 1.000000 0.000000 -0.000000 ]
			 [ 0.000000 1.000000 -0.000000 ]
			 [ -0.000000 -0.000000 1.000000 ]
	Point
		DataString "Hangar"
		Position [ -0.000002 59.966125 -19.725250 ]
		Orientation
			 [ -1.000000 0.000000 -0.000000 ]
			 [ 0.000000 1.000000 -0.000000 ]
			 [ 0.000000 -0.000000 -1.000000 ]
	Point
		DataString "Hangar"
		Position [ -19.725250 59.966125 0.000002 ]
		Orientation
			 [ -0.000000 0.000000 1.000000 ]
			 [ 0.000000 1.000000 -0.000000 ]
			 [ -1.000000 -0.000000 -0.000000 ]
	Point
		DataString "Hangar"
		Position [ 19.725250 59.966125 -0.000002 ]
		Orientation
			 [ -0.000000 0.000000 -1.000000 ]
			 [ 0.000000 1.000000 -0.000000 ]
			 [ 1.000000 -0.000000 -0.000000 ]
	Point
		DataString "Weapon-2"
		Position [ 8.853214 -35.900375 71.291748 ]
		Orientation
			 [ 1.000000 0.000000 -0.000000 ]
			 [ 0.000000 0.866025 0.500000 ]
			 [ -0.000000 -0.500000 0.866025 ]
	Point
		DataString "Ability-0"
		Position [ -8.569261 75.489067 0.000011 ]
		Orientation
			 [ -0.000000 0.000000 1.000000 ]
			 [ 0.500000 0.866025 0.000000 ]
			 [ -0.866025 0.500000 -0.000000 ]
	Point
		DataString "Ability-1"
		Position [ 0.000011 75.489128 8.569261 ]
		Orientation
			 [ 1.000000 0.000000 -0.000000 ]
			 [ 0.000000 0.866025 -0.500000 ]
			 [ -0.000000 0.500000 0.866025 ]
	Point
		DataString "Ability-2"
		Position [ 8.569261 75.489128 0.000009 ]
		Orientation
			 [ -0.000000 0.000000 -1.000000 ]
			 [ -0.500000 0.866025 0.000000 ]
			 [ 0.866025 0.500000 -0.000000 ]
	Point
		DataString "Ability-3"
		Position [ 0.000009 75.489128 -8.569240 ]
		Orientation
			 [ -1.000000 0.000000 -0.000000 ]
			 [ -0.000000 0.866025 0.500000 ]
			 [ 0.000000 0.500000 -0.866025 ]
	NumVertices 1952
	Vertex
		Position [ -1.504512 64.672997 16.137751 ]
		Normal [ 0.998650 -0.043214 0.028806 ]
		Tangent [ -0.002719 0.510400 0.859933 ]
		Color 0
		U0 0.733593
		V0 0.515477
		U1 0.748509
		V1 0.951412
	Vertex
		Position [ -2.113036 55.322750 23.207125 ]
		Normal [ 0.998650 -0.043214 0.028806 ]
		Tangent [ -0.002719 0.510400 0.859933 ]
		Color 0
		U0 0.730413
		V0 0.569052
		U1 0.751961
		V1 0.982346
	Vertex
		Position [ -1.504512 65.058746 16.716499 ]
		Normal [ 0.998650 -0.043216 0.028804 ]
		Tangent [ -0.002719 0.510400 0.859933 ]
		Color 0
		U0 0.730413
		V0 0.515477
		U1 0.750349
		V1 0.951314
	Vertex
		Position [ 69.543114 -16.688625 -69.543129 ]
		Normal [ 0.000000 -1.000000 0.000000 ]
		Tangent [ 1.000000 0.000000 -0.000009 ]
		Color 0
		U0 0.026214
		V0 0.630744
		U1 0.379271
		V1 0.453034
	Vertex
		Position [ -59.111629 -16.688625 -59.111622 ]
		Normal [ 0.000000 -1.000000 0.000000 ]
		Tangent [ 1.000000 0.000000 0.000008 ]
		Color 0
		U0 0.651598
		V0 0.681451
		U1 0.038103
		V1 0.480696
	Vertex
		Position [ 59.111622 -16.688625 -59.111629 ]
		Normal [ 0.000000 -1.000000 0.000000 ]
		Tangent [ 1.000000 0.000000 -0.000009 ]
		Color 0
		U0 0.076921
		V0 0.681451
		U1 0.351608
		V1 0.480696
	Vertex
		Position [ 59.111622 -16.688625 -59.111629 ]
		Normal [ -0.000000 0.514496 -0.857493 ]
		Tangent [ -1.000000 0.000000 0.000000 ]
		Color 0
		U0 0.076921
		V0 0.681451
		U1 0.645334
		V1 0.918202
	Vertex
		Position [ 28.982494 -23.643000 -63.284252 ]
		Normal [ -0.000000 0.514496 -0.857493 ]
		Tangent [ -1.000000 0.000000 0.000000 ]
		Color 0
		U0 0.223376
		V0 0.720874
		U1 0.725230
		V1 0.896696
	Vertex
		Position [ 63.284245 -23.643000 -63.284252 ]
		Normal [ -0.000000 0.514496 -0.857493 ]
		Tangent [ -1.000000 0.000000 0.000003 ]
		Color 0
		U0 0.056638
		V0 0.720874
		U1 0.634269
		V1 0.896696
	Vertex
		Position [ -28.982494 -43.115002 63.615253 ]
		Normal [ -0.894402 -0.267398 0.358528 ]
		Tangent [ -0.447262 0.532547 -0.718575 ]
		Color 0
		U0 0.223376
		V0 0.895514
		U1 0.196331
		V1 0.884458
	Vertex
		Position [ -28.286995 -28.509001 76.243752 ]
		Normal [ -0.894402 -0.267398 0.358528 ]
		Tangent [ -0.447262 0.532547 -0.718575 ]
		Color 0
		U0 0.226757
		V0 0.801901
		U1 0.191956
		V1 0.833441
	Vertex
		Position [ -28.286995 -43.389126 65.145874 ]
		Normal [ -0.894407 -0.267392 0.358521 ]
		Tangent [ -0.447262 0.532547 -0.718575 ]
		Color 0
		U0 0.226757
		V0 0.892134
		U1 0.192082
		V1 0.882618
	Vertex
		Position [ -28.982494 -43.115002 62.118877 ]
		Normal [ -1.000000 0.000000 0.000000 ]
		Tangent [ -0.000000 -0.804526 -0.593917 ]
		Color 0
		U0 0.717439
		V0 0.608979
		U1 0.241555
		V1 0.749918
	Vertex
		Position [ -28.982494 -41.028873 62.682255 ]
		Normal [ -1.000000 0.000000 0.000000 ]
		Tangent [ -0.000000 -0.804526 -0.593918 ]
		Color 0
		U0 0.720392
		V0 0.598044
		U1 0.236216
		V1 0.747834
	Vertex
		Position [ -28.982494 -43.115002 63.615253 ]
		Normal [ -1.000000 0.000000 0.000000 ]
		Tangent [ -0.000000 -0.804526 -0.593918 ]
		Color 0
		U0 0.725282
		V0 0.608979
		U1 0.239197
		V1 0.753111
	Vertex
		Position [ 28.982494 -43.115002 -62.118629 ]
		Normal [ 0.000000 -1.000000 0.000000 ]
		Tangent [ -1.000000 0.000000 0.000000 ]
		Color 0
		U0 0.223376
		V0 0.902788
		U1 0.656411
		V1 0.933624
	Vertex
		Position [ -28.982506 -43.115002 -63.615246 ]
		Normal [ 0.000000 -1.000000 0.000000 ]
		Tangent [ -1.000000 0.000000 0.000001 ]
		Color 0
		U0 0.505142
		V0 0.895514
		U1 0.810820
		V1 0.937575
	Vertex
		Position [ -28.982506 -43.115002 -62.118870 ]
		Normal [ 0.000000 -1.000000 0.000000 ]
		Tangent [ -1.000000 0.000000 0.000000 ]
		Color 0
		U0 0.505143
		V0 0.902788
		U1 0.810773
		V1 0.933624
	Vertex
		Position [ 28.982506 -43.115002 62.118870 ]
		Normal [ 0.000000 -1.000000 0.000000 ]
		Tangent [ -1.000000 0.000000 0.000000 ]
		Color 0
		U0 0.505143
		V0 0.902788
		U1 0.010488
		V1 0.965472
	Vertex
		Position [ 24.523630 -43.115002 63.615246 ]
		Normal [ 0.000000 -1.000000 0.000000 ]
		Tangent [ -1.000000 -0.000045 -0.000034 ]
		Color 0
		U0 0.483468
		V0 0.895514
		U1 0.022315
		V1 0.961521
	Vertex
		Position [ 28.982506 -43.115002 63.615246 ]
		Normal [ 0.000000 -1.000000 0.000000 ]
		Tangent [ -1.000000 0.000000 0.000000 ]
		Color 0
		U0 0.505142
		V0 0.895514
		U1 0.010441
		V1 0.961521
	Vertex
		Position [ 70.332001 -23.643000 28.982744 ]
		Normal [ 0.000000 0.000000 1.000000 ]
		Tangent [ -0.801682 0.597751 0.000000 ]
		Color 0
		U0 0.760487
		V0 0.506919
		U1 0.301960
		V1 0.878369
	Vertex
		Position [ 65.000626 -21.556875 28.982744 ]
		Normal [ 0.000000 0.000000 1.000000 ]
		Tangent [ -0.801682 0.597750 0.000000 ]
		Color 0
		U0 0.732544
		V0 0.495984
		U1 0.316601
		V1 0.882385
	Vertex
		Position [ 71.235626 -21.556875 28.982744 ]
		Normal [ 0.000000 0.000000 1.000000 ]
		Tangent [ -0.801682 0.597751 0.000000 ]
		Color 0
		U0 0.765224
		V0 0.495984
		U1 0.303346
		V1 0.872502
	Vertex
		Position [ 73.113747 -27.120125 28.982744 ]
		Normal [ 0.000000 0.000000 1.000000 ]
		Tangent [ -0.801660 0.597780 0.000000 ]
		Color 0
		U0 0.775067
		V0 0.525144
		U1 0.290535
		V1 0.881352
	Vertex
		Position [ 70.332001 -23.643000 28.982744 ]
		Normal [ 0.000000 1.000000 0.000000 ]
		Tangent [ -1.000000 0.000000 -0.000008 ]
		Color 0
		U0 0.505142
		V0 0.755132
		U1 0.093503
		V1 0.528065
	Vertex
		Position [ 63.284252 -23.643000 63.284245 ]
		Normal [ 0.000000 1.000000 0.000000 ]
		Tangent [ -1.000000 0.000000 -0.000003 ]
		Color 0
		U0 0.671880
		V0 0.720874
		U1 0.113851
		V1 0.627096
	Vertex
		Position [ 63.284252 -23.643000 28.982744 ]
		Normal [ 0.000000 1.000000 0.000000 ]
		Tangent [ -1.000000 0.000000 -0.000008 ]
		Color 0
		U0 0.505142
		V0 0.720874
		U1 0.113851
		V1 0.528065
	Vertex
		Position [ -28.982506 -41.028873 -62.682247 ]
		Normal [ 0.000000 -1.000000 0.000000 ]
		Tangent [ 1.000000 0.000000 -0.000000 ]
		Color 0
		U0 0.505143
		V0 0.861273
		U1 0.478131
		V1 0.662615
	Vertex
		Position [ -61.291504 -41.028873 -61.291370 ]
		Normal [ 0.000000 -1.000000 0.000000 ]
		Tangent [ 1.000000 0.000000 0.000014 ]
		Color 0
		U0 0.662193
		V0 0.868033
		U1 0.392454
		V1 0.666303
	Vertex
		Position [ -28.982506 -41.028873 -61.291370 ]
		Normal [ 0.000000 -1.000000 0.000000 ]
		Tangent [ 1.000000 0.000000 -0.000000 ]
		Color 0
		U0 0.505143
		V0 0.868033
		U1 0.478131
		V1 0.666303
	Vertex
		Position [ 2.162774 65.058746 -16.716249 ]
		Normal [ 0.000000 0.831995 0.554783 ]
		Tangent [ -0.999988 0.002804 -0.003947 ]
		Color 0
		U0 0.726792
		V0 0.515477
		U1 0.889833
		V1 0.582491
	Vertex
		Position [ 1.504512 64.672997 -16.137751 ]
		Normal [ 0.000000 0.832023 0.554742 ]
		Tangent [ -0.999979 0.003644 -0.005429 ]
		Color 0
		U0 0.730413
		V0 0.512328
		U1 0.891571
		V1 0.584086
	Vertex
		Position [ 1.504512 65.058746 -16.716249 ]
		Normal [ 0.000000 0.831995 0.554783 ]
		Tangent [ -0.999988 0.002804 -0.003947 ]
		Color 0
		U0 0.730413
		V0 0.515477
		U1 0.891585
		V1 0.582505
	Vertex
		Position [ -1.508176 65.058746 -16.716249 ]
		Normal [ 0.000000 0.831995 0.554783 ]
		Tangent [ -0.999987 0.003099 -0.003949 ]
		Color 0
		U0 0.726796
		V0 0.515477
		U1 0.899603
		V1 0.582573
	Vertex
		Position [ -2.166751 64.672997 -16.137751 ]
		Normal [ 0.000000 0.832023 0.554742 ]
		Tangent [ -0.999978 0.003760 -0.005473 ]
		Color 0
		U0 0.730417
		V0 0.512328
		U1 0.901342
		V1 0.584169
	Vertex
		Position [ -2.166751 65.058746 -16.716249 ]
		Normal [ 0.000000 0.831995 0.554783 ]
		Tangent [ -0.999987 0.003099 -0.003949 ]
		Color 0
		U0 0.730417
		V0 0.515477
		U1 0.901355
		V1 0.582588
	Vertex
		Position [ 73.113754 -27.120125 73.113739 ]
		Normal [ 0.800003 -0.599997 0.000007 ]
		Tangent [ 0.599395 0.799182 0.045096 ]
		Color 0
		U0 0.719661
		V0 0.776778
		U1 0.872246
		V1 0.270416
	Vertex
		Position [ 63.516880 -39.916248 61.894623 ]
		Normal [ 0.799970 -0.600040 0.000015 ]
		Tangent [ 0.599540 0.799294 0.040994 ]
		Color 0
		U0 0.665126
		V0 0.854513
		U1 0.826515
		V1 0.240761
	Vertex
		Position [ 62.682255 -41.028873 62.682247 ]
		Normal [ 0.799960 -0.600054 0.000040 ]
		Tangent [ 0.599540 0.799294 0.040994 ]
		Color 0
		U0 0.668954
		V0 0.861273
		U1 0.822718
		V1 0.243013
	Vertex
		Position [ -28.982494 -27.120125 73.113747 ]
		Normal [ -1.000000 0.000000 0.000000 ]
		Tangent [ -0.000000 -0.804458 -0.594010 ]
		Color 0
		U0 0.775067
		V0 0.525144
		U1 0.190103
		V1 0.748183
	Vertex
		Position [ -28.982494 -27.120125 75.544624 ]
		Normal [ -1.000000 0.000000 0.000000 ]
		Tangent [ -0.000000 -0.804458 -0.594010 ]
		Color 0
		U0 0.787808
		V0 0.525144
		U1 0.186274
		V1 0.753371
	Vertex
		Position [ -28.982494 -21.556875 71.235626 ]
		Normal [ -1.000000 0.000000 0.000000 ]
		Tangent [ -0.000000 -0.804185 -0.594379 ]
		Color 0
		U0 0.765224
		V0 0.495984
		U1 0.181199
		V1 0.735413
	Vertex
		Position [ -28.982494 -23.643000 70.332001 ]
		Normal [ -1.000000 0.000000 0.000000 ]
		Tangent [ -0.000000 -0.804185 -0.594379 ]
		Color 0
		U0 0.760487
		V0 0.506919
		U1 0.187070
		V1 0.736774
	Vertex
		Position [ -28.982494 -21.556875 65.000626 ]
		Normal [ -1.000000 0.000000 0.000000 ]
		Tangent [ -0.000000 -0.803980 -0.594656 ]
		Color 0
		U0 0.732544
		V0 0.495984
		U1 0.191030
		V1 0.722127
	Vertex
		Position [ -28.982494 -21.556875 71.235626 ]
		Normal [ 0.000000 0.612348 0.790588 ]
		Tangent [ -1.000000 0.000050 -0.000189 ]
		Color 0
		U0 0.223376
		V0 0.764314
		U1 0.909084
		V1 0.310014
	Vertex
		Position [ -24.523619 -27.120125 75.544624 ]
		Normal [ 0.000000 0.612348 0.790588 ]
		Tangent [ -1.000000 -0.000304 -0.000223 ]
		Color 0
		U0 0.245051
		V0 0.798521
		U1 0.897272
		V1 0.328662
	Vertex
		Position [ -28.982494 -27.120125 75.544624 ]
		Normal [ 0.000000 0.612348 0.790588 ]
		Tangent [ -1.000000 -0.000015 -0.000006 ]
		Color 0
		U0 0.223376
		V0 0.798521
		U1 0.909087
		V1 0.328660
	Vertex
		Position [ 53.503372 -39.916248 -63.516754 ]
		Normal [ -0.000000 0.447149 -0.894459 ]
		Tangent [ -0.999989 -0.004411 0.001864 ]
		Color 0
		U0 0.104182
		V0 0.854513
		U1 0.102288
		V1 0.706705
	Vertex
		Position [ 61.500870 -38.525249 -62.821381 ]
		Normal [ -0.000000 0.447149 -0.894459 ]
		Tangent [ -0.999975 0.004455 -0.005508 ]
		Color 0
		U0 0.065307
		V0 0.851000
		U1 0.080963
		V1 0.709672
	Vertex
		Position [ 54.530621 -38.525249 -62.821381 ]
		Normal [ -0.000000 0.447149 -0.894459 ]
		Tangent [ -0.999975 0.004455 -0.005508 ]
		Color 0
		U0 0.099189
		V0 0.851000
		U1 0.098371
		V1 0.709428
	Vertex
		Position [ 61.894871 -39.916248 -63.516754 ]
		Normal [ -0.766919 0.099737 -0.633947 ]
		Tangent [ -0.547733 0.413011 0.727606 ]
		Color 0
		U0 0.063393
		V0 0.854513
		U1 0.078983
		V1 0.706181
	Vertex
		Position [ 65.256371 -33.518250 -66.576759 ]
		Normal [ -0.766919 0.099737 -0.633947 ]
		Tangent [ -0.547733 0.413011 0.727606 ]
		Color 0
		U0 0.047052
		V0 0.820582
		U1 0.071035
		V1 0.725360
	Vertex
		Position [ 61.500870 -38.525249 -62.821381 ]
		Normal [ -0.766895 0.099710 -0.633979 ]
		Tangent [ -0.547733 0.413011 0.727606 ]
		Color 0
		U0 0.065307
		V0 0.851000
		U1 0.080963
		V1 0.709672
	Vertex
		Position [ 41.912495 -39.916248 -63.516754 ]
		Normal [ -0.000000 0.447149 -0.894459 ]
		Tangent [ -0.999986 -0.004525 0.002717 ]
		Color 0
		U0 0.160525
		V0 0.854513
		U1 0.134597
		V1 0.707045
	Vertex
		Position [ 50.036621 -38.525249 -62.821381 ]
		Normal [ -0.000000 0.447149 -0.894459 ]
		Tangent [ -0.999985 0.003846 -0.003900 ]
		Color 0
		U0 0.121035
		V0 0.851000
		U1 0.113014
		V1 0.710109
	Vertex
		Position [ 42.760620 -38.525249 -62.821381 ]
		Normal [ -0.000000 0.447149 -0.894459 ]
		Tangent [ -0.999985 0.003846 -0.003900 ]
		Color 0
		U0 0.156402
		V0 0.851000
		U1 0.131257
		V1 0.709941
	Vertex
		Position [ -61.894878 -39.916248 -63.516747 ]
		Normal [ 0.766919 0.099737 -0.633947 ]
		Tangent [ -0.547662 -0.413201 -0.727551 ]
		Color 0
		U0 0.665126
		V0 0.854513
		U1 0.786481
		V1 0.424060
	Vertex
		Position [ -65.256386 -33.518250 -66.576744 ]
		Normal [ 0.766919 0.099737 -0.633947 ]
		Tangent [ -0.547662 -0.413201 -0.727551 ]
		Color 0
		U0 0.681467
		V0 0.820582
		U1 0.794414
		V1 0.443235
	Vertex
		Position [ -66.484634 -33.796249 -68.106491 ]
		Normal [ 0.766942 0.099765 -0.633914 ]
		Tangent [ -0.547662 -0.413201 -0.727551 ]
		Color 0
		U0 0.687437
		V0 0.817335
		U1 0.798930
		V1 0.445877
	Vertex
		Position [ -61.894878 -39.916248 -63.516747 ]
		Normal [ -0.000000 0.447149 -0.894459 ]
		Tangent [ -0.999997 0.001931 0.001447 ]
		Color 0
		U0 0.665126
		V0 0.854513
		U1 0.786481
		V1 0.424060
	Vertex
		Position [ -54.530628 -38.525249 -62.821373 ]
		Normal [ -0.000000 0.447149 -0.894459 ]
		Tangent [ -0.999974 -0.002881 0.006535 ]
		Color 0
		U0 0.629329
		V0 0.851000
		U1 0.767072
		V1 0.427282
	Vertex
		Position [ -61.500877 -38.525249 -62.821373 ]
		Normal [ -0.000000 0.447149 -0.894459 ]
		Tangent [ -0.999974 -0.002881 0.006535 ]
		Color 0
		U0 0.663212
		V0 0.851000
		U1 0.784499
		V1 0.427548
	Vertex
		Position [ -50.507504 -39.916248 -63.516747 ]
		Normal [ -0.000000 0.447149 -0.894459 ]
		Tangent [ -0.999987 0.004576 -0.002295 ]
		Color 0
		U0 0.609773
		V0 0.854513
		U1 0.754801
		V1 0.424632
	Vertex
		Position [ -42.760628 -38.525249 -62.821373 ]
		Normal [ -0.000000 0.447149 -0.894459 ]
		Tangent [ -0.999984 -0.003636 0.004433 ]
		Color 0
		U0 0.572117
		V0 0.851000
		U1 0.734198
		V1 0.427808
	Vertex
		Position [ -50.036629 -38.525249 -62.821373 ]
		Normal [ -0.000000 0.447149 -0.894459 ]
		Tangent [ -0.999984 -0.003636 0.004433 ]
		Color 0
		U0 0.607484
		V0 0.851000
		U1 0.752453
		V1 0.427988
	Vertex
		Position [ 28.982506 -21.556875 71.235626 ]
		Normal [ 0.000000 1.000000 0.000000 ]
		Tangent [ -1.000000 0.000050 -0.000189 ]
		Color 0
		U0 0.505142
		V0 0.764314
		U1 0.755349
		V1 0.309991
	Vertex
		Position [ -28.982494 -21.556875 65.000626 ]
		Normal [ 0.000000 1.000000 0.000000 ]
		Tangent [ -1.000000 -0.000176 -0.000296 ]
		Color 0
		U0 0.223376
		V0 0.734006
		U1 0.909178
		V1 0.293499
	Vertex
		Position [ 28.982506 -21.556875 65.000626 ]
		Normal [ 0.000000 1.000000 0.000000 ]
		Tangent [ -1.000000 -0.000176 -0.000296 ]
		Color 0
		U0 0.505142
		V0 0.734006
		U1 0.755423
		V1 0.293429
	Vertex
		Position [ -73.113754 -27.120125 -73.113739 ]
		Normal [ -0.800003 -0.599997 -0.000007 ]
		Tangent [ 0.599389 -0.799175 0.045308 ]
		Color 0
		U0 0.719661
		V0 0.776778
		U1 0.914058
		V1 0.426934
	Vertex
		Position [ -63.516880 -39.916248 -61.894623 ]
		Normal [ -0.799978 -0.600029 -0.000020 ]
		Tangent [ 0.599686 -0.799488 0.034573 ]
		Color 0
		U0 0.665126
		V0 0.854513
		U1 0.959799
		V1 0.456579
	Vertex
		Position [ -62.682255 -41.028873 -62.682247 ]
		Normal [ -0.799950 -0.600067 -0.000011 ]
		Tangent [ 0.599686 -0.799488 0.034573 ]
		Color 0
		U0 0.668954
		V0 0.861273
		U1 0.963595
		V1 0.454325
	Vertex
		Position [ -63.516880 -39.916248 -30.373495 ]
		Normal [ -0.799975 -0.600033 0.000017 ]
		Tangent [ 0.590979 -0.806618 0.010565 ]
		Color 0
		U0 0.511903
		V0 0.854513
		U1 0.958583
		V1 0.544959
	Vertex
		Position [ -62.682255 -41.028873 -28.982744 ]
		Normal [ -0.799974 -0.600035 0.000046 ]
		Tangent [ 0.600017 -0.799953 0.007441 ]
		Color 0
		U0 0.505143
		V0 0.861273
		U1 0.962467
		V1 0.548872
	Vertex
		Position [ 62.682247 -41.028873 -62.682255 ]
		Normal [ 0.000000 -1.000000 0.000000 ]
		Tangent [ 1.000000 0.000000 0.000041 ]
		Color 0
		U0 0.059565
		V0 0.861273
		U1 0.895564
		V1 0.427688
	Vertex
		Position [ 28.982494 -41.028873 -61.291378 ]
		Normal [ 0.000000 -1.000000 0.000000 ]
		Tangent [ 1.000000 0.000000 -0.000000 ]
		Color 0
		U0 0.223376
		V0 0.868034
		U1 0.806198
		V1 0.431377
	Vertex
		Position [ 61.291496 -41.028873 -61.291378 ]
		Normal [ 0.000000 -1.000000 0.000000 ]
		Tangent [ 1.000000 0.000000 0.000027 ]
		Color 0
		U0 0.066325
		V0 0.868034
		U1 0.891876
		V1 0.431377
	Vertex
		Position [ 57.033993 -33.518250 -66.576759 ]
		Normal [ -0.000000 -0.600013 -0.799990 ]
		Tangent [ -0.999964 0.005931 -0.006055 ]
		Color 0
		U0 0.087020
		V0 0.820582
		U1 0.092265
		V1 0.725017
	Vertex
		Position [ 61.500870 -38.525249 -62.821381 ]
		Normal [ -0.000000 -0.600013 -0.799990 ]
		Tangent [ -0.999975 0.004455 -0.005508 ]
		Color 0
		U0 0.065307
		V0 0.851000
		U1 0.080963
		V1 0.709672
	Vertex
		Position [ 65.256371 -33.518250 -66.576759 ]
		Normal [ -0.000000 -0.600013 -0.799990 ]
		Tangent [ -0.999964 0.005931 -0.006055 ]
		Color 0
		U0 0.047052
		V0 0.820582
		U1 0.071035
		V1 0.725360
	Vertex
		Position [ 44.012493 -33.518250 -66.576759 ]
		Normal [ -0.000000 -0.600013 -0.799990 ]
		Tangent [ -0.999969 0.004074 -0.006708 ]
		Color 0
		U0 0.150317
		V0 0.820582
		U1 0.128672
		V1 0.725274
	Vertex
		Position [ 50.036621 -38.525249 -62.821381 ]
		Normal [ -0.000000 -0.600013 -0.799990 ]
		Tangent [ -0.999985 0.003846 -0.003900 ]
		Color 0
		U0 0.121035
		V0 0.851000
		U1 0.113014
		V1 0.710109
	Vertex
		Position [ 52.539993 -33.518250 -66.576759 ]
		Normal [ -0.000000 -0.600013 -0.799990 ]
		Tangent [ -0.999969 0.004074 -0.006708 ]
		Color 0
		U0 0.108865
		V0 0.820582
		U1 0.106883
		V1 0.725564
	Vertex
		Position [ -31.069006 -33.518250 -66.576752 ]
		Normal [ -0.000000 -0.600013 -0.799990 ]
		Tangent [ -0.999999 0.000311 -0.001464 ]
		Color 0
		U0 0.515284
		V0 0.820582
		U1 0.700950
		V1 0.443393
	Vertex
		Position [ -38.505505 -38.525249 -62.821373 ]
		Normal [ -0.000000 -0.600013 -0.799990 ]
		Tangent [ -0.999986 0.004995 0.001862 ]
		Color 0
		U0 0.551432
		V0 0.851000
		U1 0.720235
		V1 0.428163
	Vertex
		Position [ -31.069006 -38.525249 -62.821373 ]
		Normal [ -0.000000 -0.600013 -0.799990 ]
		Tangent [ -0.999986 0.004995 0.001862 ]
		Color 0
		U0 0.515284
		V0 0.851000
		U1 0.701560
		V1 0.428241
	Vertex
		Position [ -57.034008 -33.518250 -66.576744 ]
		Normal [ -0.000000 -0.600013 -0.799990 ]
		Tangent [ -0.999973 -0.006656 0.003270 ]
		Color 0
		U0 0.641499
		V0 0.820582
		U1 0.773201
		V1 0.442898
	Vertex
		Position [ -61.500877 -38.525249 -62.821373 ]
		Normal [ -0.000000 -0.600013 -0.799990 ]
		Tangent [ -0.999974 -0.002881 0.006535 ]
		Color 0
		U0 0.663212
		V0 0.851000
		U1 0.784499
		V1 0.427548
	Vertex
		Position [ -54.530628 -38.525249 -62.821373 ]
		Normal [ -0.000000 -0.600013 -0.799990 ]
		Tangent [ -0.999974 -0.002881 0.006535 ]
		Color 0
		U0 0.629329
		V0 0.851000
		U1 0.767072
		V1 0.427282
	Vertex
		Position [ 31.068995 -33.518250 -66.576752 ]
		Normal [ -0.000000 -0.600013 -0.799990 ]
		Tangent [ -0.999999 -0.000347 0.001515 ]
		Color 0
		U0 0.213235
		V0 0.820582
		U1 0.164470
		V1 0.725539
	Vertex
		Position [ 38.505497 -38.525249 -62.821381 ]
		Normal [ -0.000000 -0.600013 -0.799990 ]
		Tangent [ -0.999986 -0.005031 -0.001830 ]
		Color 0
		U0 0.177086
		V0 0.851000
		U1 0.145201
		V1 0.710315
	Vertex
		Position [ 39.757366 -33.518250 -66.576752 ]
		Normal [ -0.000000 -0.600013 -0.799990 ]
		Tangent [ -0.999999 -0.000347 0.001515 ]
		Color 0
		U0 0.171002
		V0 0.820582
		U1 0.142581
		V1 0.725574
	Vertex
		Position [ -6.688244 -43.115002 -63.615250 ]
		Normal [ 0.894405 -0.267394 -0.358523 ]
		Tangent [ -0.447256 -0.536411 -0.715699 ]
		Color 0
		U0 0.396771
		V0 0.895514
		U1 0.123358
		V1 0.894761
	Vertex
		Position [ -7.383732 -28.509001 -76.243752 ]
		Normal [ 0.894405 -0.267394 -0.358523 ]
		Tangent [ -0.447256 -0.536411 -0.715699 ]
		Color 0
		U0 0.400151
		V0 0.801901
		U1 0.127438
		V1 0.945838
	Vertex
		Position [ -7.383731 -43.389126 -65.145874 ]
		Normal [ 0.894410 -0.267388 -0.358516 ]
		Tangent [ -0.447256 -0.536411 -0.715699 ]
		Color 0
		U0 0.400151
		V0 0.892134
		U1 0.127491
		V1 0.896609
	Vertex
		Position [ -6.688245 -27.120125 -75.544624 ]
		Normal [ -0.000000 0.449624 -0.893218 ]
		Tangent [ -1.000000 -0.000437 0.000035 ]
		Color 0
		U0 0.396771
		V0 0.798521
		U1 0.845391
		V1 0.530774
	Vertex
		Position [ -10.451669 -28.509001 -76.243752 ]
		Normal [ -0.000000 0.449624 -0.893218 ]
		Tangent [ -1.000000 -0.000737 0.000183 ]
		Color 0
		U0 0.415065
		V0 0.801901
		U1 0.855337
		V1 0.526667
	Vertex
		Position [ -7.383732 -28.509001 -76.243752 ]
		Normal [ -0.000000 0.449624 -0.893218 ]
		Tangent [ -1.000000 -0.000737 0.000183 ]
		Color 0
		U0 0.400151
		V0 0.801901
		U1 0.847246
		V1 0.526668
	Vertex
		Position [ -11.147156 -43.115002 -63.615250 ]
		Normal [ -0.894405 -0.267394 -0.358523 ]
		Tangent [ -0.447256 0.533094 0.718173 ]
		Color 0
		U0 0.418445
		V0 0.895514
		U1 0.139758
		V1 0.894786
	Vertex
		Position [ -10.451669 -28.509001 -76.243752 ]
		Normal [ -0.894405 -0.267394 -0.358523 ]
		Tangent [ -0.447256 0.533094 0.718173 ]
		Color 0
		U0 0.415065
		V0 0.801901
		U1 0.135574
		V1 0.945847
	Vertex
		Position [ -11.147157 -27.120125 -75.544624 ]
		Normal [ -0.894401 -0.267401 -0.358531 ]
		Tangent [ -0.447256 0.533094 0.718173 ]
		Color 0
		U0 0.418445
		V0 0.798521
		U1 0.139696
		V1 0.947696
	Vertex
		Position [ -11.147156 -43.115002 -63.615250 ]
		Normal [ 0.000000 -0.984339 0.176289 ]
		Tangent [ -1.000000 -0.000318 0.000240 ]
		Color 0
		U0 0.418445
		V0 0.895514
		U1 0.763324
		V1 0.937576
	Vertex
		Position [ -7.383731 -43.389126 -65.145874 ]
		Normal [ 0.000000 -0.984339 0.176289 ]
		Tangent [ -1.000000 -0.000443 0.000334 ]
		Color 0
		U0 0.400151
		V0 0.892134
		U1 0.753351
		V1 0.941682
	Vertex
		Position [ -10.451668 -43.389126 -65.145874 ]
		Normal [ 0.000000 -0.984339 0.176289 ]
		Tangent [ -1.000000 -0.000443 0.000334 ]
		Color 0
		U0 0.415065
		V0 0.892134
		U1 0.761521
		V1 0.941682
	Vertex
		Position [ -15.606131 -43.115002 -63.615250 ]
		Normal [ 0.894402 -0.267398 -0.358528 ]
		Tangent [ -0.447262 -0.537015 -0.715242 ]
		Color 0
		U0 0.440120
		V0 0.895514
		U1 0.151581
		V1 0.894800
	Vertex
		Position [ -16.301630 -28.509001 -76.243752 ]
		Normal [ 0.894402 -0.267398 -0.358528 ]
		Tangent [ -0.447262 -0.537015 -0.715242 ]
		Color 0
		U0 0.443500
		V0 0.801901
		U1 0.155646
		V1 0.945876
	Vertex
		Position [ -16.301630 -43.389126 -65.145874 ]
		Normal [ 0.894407 -0.267392 -0.358521 ]
		Tangent [ -0.447262 -0.537015 -0.715242 ]
		Color 0
		U0 0.443500
		V0 0.892134
		U1 0.155701
		V1 0.896657
	Vertex
		Position [ -15.606132 -27.120125 -75.544624 ]
		Normal [ -0.000000 0.449624 -0.893218 ]
		Tangent [ -1.000000 0.000494 0.000638 ]
		Color 0
		U0 0.440119
		V0 0.798521
		U1 0.869045
		V1 0.530804
	Vertex
		Position [ -19.369505 -28.509001 -76.243752 ]
		Normal [ -0.000000 0.449624 -0.893218 ]
		Tangent [ -0.999999 0.000814 0.000973 ]
		Color 0
		U0 0.458413
		V0 0.801901
		U1 0.878968
		V1 0.526627
	Vertex
		Position [ -16.301630 -28.509001 -76.243752 ]
		Normal [ -0.000000 0.449624 -0.893218 ]
		Tangent [ -0.999999 0.000814 0.000973 ]
		Color 0
		U0 0.443500
		V0 0.801901
		U1 0.870847
		V1 0.526667
	Vertex
		Position [ 28.982506 -41.028873 62.682247 ]
		Normal [ 0.000000 -1.000000 0.000000 ]
		Tangent [ 1.000000 0.000000 -0.000000 ]
		Color 0
		U0 0.505143
		V0 0.861273
		U1 0.180370
		V1 0.712263
	Vertex
		Position [ 61.291504 -41.028873 61.291370 ]
		Normal [ 0.000000 -1.000000 0.000000 ]
		Tangent [ 1.000000 0.000000 0.000017 ]
		Color 0
		U0 0.662193
		V0 0.868033
		U1 0.266048
		V1 0.708575
	Vertex
		Position [ 28.982506 -41.028873 61.291370 ]
		Normal [ -0.000000 -1.000000 0.000000 ]
		Tangent [ 1.000000 0.000000 -0.000000 ]
		Color 0
		U0 0.505143
		V0 0.868033
		U1 0.180370
		V1 0.708575
	Vertex
		Position [ -20.065006 -43.115002 -63.615250 ]
		Normal [ -0.894402 -0.267398 -0.358528 ]
		Tangent [ -0.447263 0.533515 0.717856 ]
		Color 0
		U0 0.461794
		V0 0.895514
		U1 0.167962
		V1 0.894830
	Vertex
		Position [ -19.369505 -28.509001 -76.243752 ]
		Normal [ -0.894402 -0.267398 -0.358528 ]
		Tangent [ -0.447263 0.533515 0.717856 ]
		Color 0
		U0 0.458413
		V0 0.801901
		U1 0.163780
		V1 0.945886
	Vertex
		Position [ -20.065006 -27.120125 -75.544624 ]
		Normal [ -0.894397 -0.267405 -0.358536 ]
		Tangent [ -0.447263 0.533515 0.717856 ]
		Color 0
		U0 0.461794
		V0 0.798521
		U1 0.167901
		V1 0.947734
	Vertex
		Position [ -20.065006 -43.115002 -63.615250 ]
		Normal [ 0.000000 -0.984339 0.176289 ]
		Tangent [ -1.000000 -0.000301 0.000221 ]
		Color 0
		U0 0.461794
		V0 0.895514
		U1 0.787073
		V1 0.937576
	Vertex
		Position [ -16.301630 -43.389126 -65.145874 ]
		Normal [ 0.000000 -0.984339 0.176289 ]
		Tangent [ -1.000000 -0.000452 0.000331 ]
		Color 0
		U0 0.443500
		V0 0.892134
		U1 0.777099
		V1 0.941682
	Vertex
		Position [ -19.369505 -43.389126 -65.145874 ]
		Normal [ 0.000000 -0.984339 0.176289 ]
		Tangent [ -1.000000 -0.000452 0.000331 ]
		Color 0
		U0 0.458413
		V0 0.892134
		U1 0.785269
		V1 0.941682
	Vertex
		Position [ -24.523630 -43.115002 -63.615246 ]
		Normal [ 0.894402 -0.267398 -0.358528 ]
		Tangent [ -0.447263 -0.535716 -0.716215 ]
		Color 0
		U0 0.483468
		V0 0.895514
		U1 0.179784
		V1 0.894843
	Vertex
		Position [ -25.219131 -28.509001 -76.243752 ]
		Normal [ 0.894402 -0.267398 -0.358528 ]
		Tangent [ -0.447263 -0.535716 -0.716215 ]
		Color 0
		U0 0.486848
		V0 0.801901
		U1 0.183846
		V1 0.945909
	Vertex
		Position [ -25.219131 -43.389126 -65.145874 ]
		Normal [ 0.894407 -0.267392 -0.358521 ]
		Tangent [ -0.447263 -0.535716 -0.716215 ]
		Color 0
		U0 0.486848
		V0 0.892134
		U1 0.183907
		V1 0.896692
	Vertex
		Position [ -24.523630 -27.120125 -75.544624 ]
		Normal [ -0.000000 0.449624 -0.893218 ]
		Tangent [ -0.999999 -0.001577 -0.000427 ]
		Color 0
		U0 0.483468
		V0 0.798521
		U1 0.892657
		V1 0.530771
	Vertex
		Position [ -28.287006 -28.509001 -76.243752 ]
		Normal [ -0.000000 0.449624 -0.893218 ]
		Tangent [ -0.999997 -0.002367 -0.000570 ]
		Color 0
		U0 0.501762
		V0 0.801901
		U1 0.902789
		V1 0.526605
	Vertex
		Position [ -25.219131 -28.509001 -76.243752 ]
		Normal [ -0.000000 0.449624 -0.893218 ]
		Tangent [ -0.999997 -0.002367 -0.000570 ]
		Color 0
		U0 0.486848
		V0 0.801901
		U1 0.894529
		V1 0.526549
	Vertex
		Position [ -28.982506 -43.115002 -63.615246 ]
		Normal [ -0.894402 -0.267398 -0.358528 ]
		Tangent [ -0.447263 0.533690 0.717726 ]
		Color 0
		U0 0.505142
		V0 0.895514
		U1 0.196166
		V1 0.894864
	Vertex
		Position [ -28.287006 -28.509001 -76.243752 ]
		Normal [ -0.894402 -0.267398 -0.358528 ]
		Tangent [ -0.447263 0.533690 0.717726 ]
		Color 0
		U0 0.501762
		V0 0.801901
		U1 0.191980
		V1 0.945919
	Vertex
		Position [ -28.982506 -27.120125 -75.544624 ]
		Normal [ -0.894397 -0.267405 -0.358536 ]
		Tangent [ -0.447263 0.533690 0.717726 ]
		Color 0
		U0 0.505142
		V0 0.798521
		U1 0.196100
		V1 0.947767
	Vertex
		Position [ -28.982506 -43.115002 -63.615246 ]
		Normal [ 0.000000 -0.984339 0.176289 ]
		Tangent [ -1.000000 0.000000 0.000001 ]
		Color 0
		U0 0.505142
		V0 0.895514
		U1 0.810820
		V1 0.937575
	Vertex
		Position [ -25.219131 -43.389126 -65.145874 ]
		Normal [ 0.000000 -0.984339 0.176289 ]
		Tangent [ -1.000000 -0.000498 0.000371 ]
		Color 0
		U0 0.486848
		V0 0.892134
		U1 0.800847
		V1 0.941682
	Vertex
		Position [ -28.287006 -43.389126 -65.145874 ]
		Normal [ 0.000000 -0.984339 0.176289 ]
		Tangent [ -1.000000 -0.000498 0.000371 ]
		Color 0
		U0 0.501762
		V0 0.892134
		U1 0.809017
		V1 0.941682
	Vertex
		Position [ 6.688232 -43.115002 -63.615250 ]
		Normal [ -0.894405 -0.267394 -0.358523 ]
		Tangent [ -0.447257 0.535273 0.716550 ]
		Color 0
		U0 0.331748
		V0 0.895514
		U1 0.083300
		V1 0.894751
	Vertex
		Position [ 7.383718 -28.509001 -76.243752 ]
		Normal [ -0.894405 -0.267394 -0.358523 ]
		Tangent [ -0.447257 0.535273 0.716550 ]
		Color 0
		U0 0.328367
		V0 0.801901
		U1 0.079184
		V1 0.945813
	Vertex
		Position [ 6.688231 -27.120125 -75.544624 ]
		Normal [ -0.894401 -0.267401 -0.358531 ]
		Tangent [ -0.447257 0.535273 0.716550 ]
		Color 0
		U0 0.331748
		V0 0.798521
		U1 0.083307
		V1 0.947655
	Vertex
		Position [ 6.688232 -43.115002 -63.615250 ]
		Normal [ 0.000000 -0.984339 0.176289 ]
		Tangent [ -1.000000 0.000029 -0.000022 ]
		Color 0
		U0 0.331748
		V0 0.895514
		U1 0.715828
		V1 0.937576
	Vertex
		Position [ 10.451656 -43.389126 -65.145874 ]
		Normal [ 0.000000 -0.984339 0.176289 ]
		Tangent [ -1.000000 0.000202 -0.000151 ]
		Color 0
		U0 0.313454
		V0 0.892134
		U1 0.705855
		V1 0.941682
	Vertex
		Position [ 7.383719 -43.389126 -65.145874 ]
		Normal [ 0.000000 -0.984339 0.176289 ]
		Tangent [ -1.000000 0.000202 -0.000151 ]
		Color 0
		U0 0.328367
		V0 0.892134
		U1 0.714025
		V1 0.941682
	Vertex
		Position [ 11.147144 -43.115002 -63.615250 ]
		Normal [ 0.894405 -0.267394 -0.358523 ]
		Tangent [ -0.447257 -0.533250 -0.718057 ]
		Color 0
		U0 0.310074
		V0 0.895514
		U1 0.066886
		V1 0.894764
	Vertex
		Position [ 10.451655 -28.509001 -76.243752 ]
		Normal [ 0.894405 -0.267394 -0.358523 ]
		Tangent [ -0.447257 -0.533250 -0.718057 ]
		Color 0
		U0 0.313454
		V0 0.801901
		U1 0.071050
		V1 0.945817
	Vertex
		Position [ 10.451656 -43.389126 -65.145874 ]
		Normal [ 0.894410 -0.267388 -0.358516 ]
		Tangent [ -0.447257 -0.533250 -0.718057 ]
		Color 0
		U0 0.313454
		V0 0.892134
		U1 0.071024
		V1 0.896602
	Vertex
		Position [ 11.147143 -27.120125 -75.544624 ]
		Normal [ -0.000000 0.449624 -0.893218 ]
		Tangent [ -0.999999 -0.000676 -0.000778 ]
		Color 0
		U0 0.310074
		V0 0.798521
		U1 0.798080
		V1 0.530641
	Vertex
		Position [ 7.383718 -28.509001 -76.243752 ]
		Normal [ -0.000000 0.449624 -0.893218 ]
		Tangent [ -0.999999 -0.001283 -0.000898 ]
		Color 0
		U0 0.328367
		V0 0.801901
		U1 0.808073
		V1 0.526546
	Vertex
		Position [ 10.451655 -28.509001 -76.243752 ]
		Normal [ -0.000000 0.449624 -0.893218 ]
		Tangent [ -0.999999 -0.001283 -0.000898 ]
		Color 0
		U0 0.313454
		V0 0.801901
		U1 0.799970
		V1 0.526509
	Vertex
		Position [ 15.606119 -43.115002 -63.615250 ]
		Normal [ -0.894402 -0.267398 -0.358528 ]
		Tangent [ -0.447263 0.535837 0.716125 ]
		Color 0
		U0 0.288399
		V0 0.895514
		U1 0.055062
		V1 0.894779
	Vertex
		Position [ 16.301619 -28.509001 -76.243752 ]
		Normal [ -0.894402 -0.267398 -0.358528 ]
		Tangent [ -0.447263 0.535837 0.716125 ]
		Color 0
		U0 0.285019
		V0 0.801901
		U1 0.051005
		V1 0.945848
	Vertex
		Position [ 15.606118 -27.120125 -75.544624 ]
		Normal [ -0.894397 -0.267405 -0.358536 ]
		Tangent [ -0.447263 0.535837 0.716125 ]
		Color 0
		U0 0.288399
		V0 0.798521
		U1 0.055130
		V1 0.947686
	Vertex
		Position [ 15.606119 -43.115002 -63.615250 ]
		Normal [ 0.000000 -0.984339 0.176289 ]
		Tangent [ -1.000000 0.000343 -0.000258 ]
		Color 0
		U0 0.288399
		V0 0.895514
		U1 0.692080
		V1 0.937576
	Vertex
		Position [ 19.369493 -43.389126 -65.145874 ]
		Normal [ 0.000000 -0.984339 0.176289 ]
		Tangent [ -1.000000 0.000598 -0.000449 ]
		Color 0
		U0 0.270106
		V0 0.892134
		U1 0.682106
		V1 0.941682
	Vertex
		Position [ 16.301619 -43.389126 -65.145874 ]
		Normal [ 0.000000 -0.984339 0.176289 ]
		Tangent [ -1.000000 0.000598 -0.000449 ]
		Color 0
		U0 0.285019
		V0 0.892134
		U1 0.690277
		V1 0.941682
	Vertex
		Position [ -62.682247 -41.028873 62.682255 ]
		Normal [ 0.000000 -1.000000 0.000000 ]
		Tangent [ 1.000000 0.000000 -0.000020 ]
