TXT
MeshData
	maxDiffuseMipLevel 0
	hasValidTangents TRUE
	BoundingRadius 83.741516
	MaxBoundingExtents [ 53.873280 29.398216 83.670952 ]
	MinBoundingExtents [ -54.215446 -15.887382 -79.017899 ]
	NumMaterials 1
	Material
		DiffuseTextureFileName "Human_CruiserUtility1_Nyx-cl.dds"
		SelfIlluminationTextureFileName "Human_CruiserUtility1_Nyx-da.dds"
		NormalTextureFileName "Human_CruiserUtility1_Nyx-nm.dds"
		DisplacementTextureFileName ""
		TeamColorTextureFileName ""
		Diffuse ffffffff
		Ambient ffffffff
		Specular ffffffff
		Emissive ffffffff
		Glossiness 9.999999
	NumPoints 59
	Point
		DataString "Center"
		Position [ 0.000000 0.000000 0.000000 ]
		Orientation
			 [ 1.000000 0.000000 0.000000 ]
			 [ 0.000000 1.000000 0.000000 ]
			 [ 0.000000 0.000000 1.000000 ]
	Point
		DataString "Aura"
		Position [ 0.000000 -30.616486 0.000000 ]
		Orientation
			 [ 1.000000 0.000000 0.000000 ]
			 [ 0.000000 1.000000 0.000000 ]
			 [ 0.000000 0.000000 1.000000 ]
	Point
		DataString "Above"
		Position [ 0.000000 34.805271 0.000000 ]
		Orientation
			 [ 1.000000 0.000000 0.000000 ]
			 [ 0.000000 1.000000 0.000000 ]
			 [ 0.000000 0.000000 1.000000 ]
	Point
		DataString "Weapon-0"
		Position [ -11.100799 6.264067 49.987110 ]
		Orientation
			 [ 1.000000 0.000000 0.000000 ]
			 [ 0.000000 0.965926 -0.258819 ]
			 [ 0.000000 0.258819 0.965926 ]
	Point
		DataString "Weapon-0"
		Position [ -7.944574 6.264067 68.775780 ]
		Orientation
			 [ 1.000000 0.000000 0.000000 ]
			 [ 0.000000 0.965926 -0.258819 ]
			 [ 0.000000 0.258819 0.965926 ]
	Point
		DataString "Weapon-0"
		Position [ 11.105536 6.264067 49.709778 ]
		Orientation
			 [ 1.000000 0.000000 0.000000 ]
			 [ 0.000000 0.965926 -0.258819 ]
			 [ 0.000000 0.258819 0.965926 ]
	Point
		DataString "Weapon-0"
		Position [ 7.777331 6.264067 68.771095 ]
		Orientation
			 [ 1.000000 0.000000 0.000000 ]
			 [ 0.000000 0.965926 -0.258819 ]
			 [ 0.000000 0.258819 0.965926 ]
	Point
		DataString "Weapon-0"
		Position [ 13.683407 10.428372 36.655563 ]
		Orientation
			 [ 1.000000 0.000000 0.000000 ]
			 [ 0.000000 0.965926 -0.258819 ]
			 [ 0.000000 0.258819 0.965926 ]
	Point
		DataString "Weapon-0"
		Position [ 13.683407 10.428372 27.963753 ]
		Orientation
			 [ 1.000000 0.000000 0.000000 ]
			 [ 0.000000 0.965926 -0.258819 ]
			 [ 0.000000 0.258819 0.965926 ]
	Point
		DataString "Weapon-0"
		Position [ -13.112572 10.861904 27.963757 ]
		Orientation
			 [ 1.000000 0.000000 0.000000 ]
			 [ 0.000000 0.965926 -0.258819 ]
			 [ 0.000000 0.258819 0.965926 ]
	Point
		DataString "Weapon-0"
		Position [ -13.112572 10.861904 36.655563 ]
		Orientation
			 [ 1.000000 0.000000 0.000000 ]
			 [ 0.000000 0.965926 -0.258819 ]
			 [ 0.000000 0.258819 0.965926 ]
	Point
		DataString "Weapon-0"
		Position [ -16.682650 11.443510 11.663461 ]
		Orientation
			 [ 0.707107 0.000000 0.707107 ]
			 [ 0.183013 0.965926 -0.183013 ]
			 [ -0.683013 0.258819 0.683013 ]
	Point
		DataString "Weapon-0"
		Position [ -12.987341 12.065638 19.346867 ]
		Orientation
			 [ 0.866025 0.000000 0.500000 ]
			 [ 0.129410 0.965926 -0.224144 ]
			 [ -0.482963 0.258819 0.836516 ]
	Point
		DataString "Weapon-0"
		Position [ 13.228765 11.957829 19.091194 ]
		Orientation
			 [ 0.866025 0.000000 -0.500000 ]
			 [ -0.129410 0.965926 -0.224144 ]
			 [ 0.482963 0.258819 0.836516 ]
	Point
		DataString "Weapon-0"
		Position [ 17.019636 11.280547 11.663457 ]
		Orientation
			 [ 0.707107 -0.000000 -0.707107 ]
			 [ -0.183013 0.965926 -0.183013 ]
			 [ 0.683013 0.258819 0.683013 ]
	Point
		DataString "Weapon-0"
		Position [ -3.219138 13.142630 -78.527252 ]
		Orientation
			 [ -1.000000 0.000000 0.000000 ]
			 [ 0.000000 0.965926 0.258819 ]
			 [ 0.000000 0.258819 -0.965926 ]
	Point
		DataString "Weapon-0"
		Position [ 2.936672 13.142630 -78.527252 ]
		Orientation
			 [ -1.000000 0.000000 0.000000 ]
			 [ 0.000000 0.965926 0.258819 ]
			 [ 0.000000 0.258819 -0.965926 ]
	Point
		DataString "Weapon-0"
		Position [ 12.623943 12.111230 -77.386475 ]
		Orientation
			 [ -1.000000 0.000000 0.000000 ]
			 [ 0.000000 0.965926 0.258819 ]
			 [ 0.000000 0.258819 -0.965926 ]
	Point
		DataString "Weapon-0"
		Position [ -12.565200 12.111230 -77.386475 ]
		Orientation
			 [ -1.000000 0.000000 0.000000 ]
			 [ 0.000000 0.965926 0.258819 ]
			 [ 0.000000 0.258819 -0.965926 ]
	Point
		DataString "Weapon-0"
		Position [ 23.789560 10.168246 -8.389532 ]
		Orientation
			 [ 0.866025 0.000000 -0.500000 ]
			 [ -0.129410 0.965926 -0.224144 ]
			 [ 0.482963 0.258819 0.836516 ]
	Point
		DataString "Weapon-0"
		Position [ 26.269379 9.836380 -12.362628 ]
		Orientation
			 [ 0.866025 0.129410 -0.482963 ]
			 [ -0.282370 0.923732 -0.258819 ]
			 [ 0.412634 0.360518 0.836516 ]
	Point
		DataString "Weapon-0"
		Position [ -23.409601 10.197943 -8.826081 ]
		Orientation
			 [ 0.866025 0.000000 0.500000 ]
			 [ 0.129410 0.965926 -0.224144 ]
			 [ -0.482963 0.258819 0.836516 ]
	Point
		DataString "Weapon-0"
		Position [ -25.769184 9.844253 -12.249011 ]
		Orientation
			 [ 0.866025 -0.129410 0.482963 ]
			 [ 0.282370 0.923732 -0.258819 ]
			 [ -0.412634 0.360518 0.836516 ]
	Point
		DataString "Weapon-1"
		Position [ -17.579271 11.144400 -3.558968 ]
		Orientation
			 [ 1.000000 0.000000 0.000000 ]
			 [ 0.000000 0.500000 -0.866025 ]
			 [ 0.000000 0.866025 0.500000 ]
	Point
		DataString "Weapon-1"
		Position [ -17.646255 11.227701 -12.901008 ]
		Orientation
			 [ 1.000000 0.000000 0.000000 ]
			 [ 0.000000 0.500000 -0.866025 ]
			 [ 0.000000 0.866025 0.500000 ]
	Point
		DataString "Weapon-1"
		Position [ -17.646257 11.108257 -36.982895 ]
		Orientation
			 [ 1.000000 0.000000 0.000000 ]
			 [ 0.000000 0.500000 -0.866025 ]
			 [ 0.000000 0.866025 0.500000 ]
	Point
		DataString "Weapon-1"
		Position [ -17.646257 11.108257 -46.443634 ]
		Orientation
			 [ 1.000000 0.000000 0.000000 ]
			 [ 0.000000 0.500000 -0.866025 ]
			 [ 0.000000 0.866025 0.500000 ]
	Point
		DataString "Weapon-1"
		Position [ 18.003777 11.262378 -36.319386 ]
		Orientation
			 [ 1.000000 0.000000 0.000000 ]
			 [ 0.000000 0.500000 -0.866025 ]
			 [ 0.000000 0.866025 0.500000 ]
	Point
		DataString "Weapon-1"
		Position [ 18.003777 11.262378 -45.780125 ]
		Orientation
			 [ 1.000000 0.000000 0.000000 ]
			 [ 0.000000 0.500000 -0.866025 ]
			 [ 0.000000 0.866025 0.500000 ]
	Point
		DataString "Weapon-1"
		Position [ 18.003778 11.381822 -12.237502 ]
		Orientation
			 [ 1.000000 0.000000 0.000000 ]
			 [ 0.000000 0.500000 -0.866025 ]
			 [ 0.000000 0.866025 0.500000 ]
	Point
		DataString "Weapon-1"
		Position [ 18.070763 11.298520 -2.895461 ]
		Orientation
			 [ 1.000000 0.000000 0.000000 ]
			 [ 0.000000 0.500000 -0.866025 ]
			 [ 0.000000 0.866025 0.500000 ]
	Point
		DataString "Weapon-2"
		Position [ -11.100799 6.264067 49.987110 ]
		Orientation
			 [ 1.000000 0.000000 0.000000 ]
			 [ 0.000000 0.965926 -0.258819 ]
			 [ 0.000000 0.258819 0.965926 ]
	Point
		DataString "Weapon-2"
		Position [ -3.219138 13.142630 -78.527252 ]
		Orientation
			 [ -1.000000 0.000000 0.000000 ]
			 [ 0.000000 0.965926 0.258819 ]
			 [ 0.000000 0.258819 -0.965926 ]
	Point
		DataString "Weapon-2"
		Position [ 2.936672 13.142630 -78.527252 ]
		Orientation
			 [ -1.000000 0.000000 0.000000 ]
			 [ 0.000000 0.965926 0.258819 ]
			 [ 0.000000 0.258819 -0.965926 ]
	Point
		DataString "Weapon-2"
		Position [ 23.789560 10.168246 -8.389532 ]
		Orientation
			 [ 0.866025 0.000000 -0.500000 ]
			 [ -0.129410 0.965926 -0.224144 ]
			 [ 0.482963 0.258819 0.836516 ]
	Point
		DataString "Weapon-2"
		Position [ 26.269379 9.836380 -12.362628 ]
		Orientation
			 [ 0.866025 0.129410 -0.482963 ]
			 [ -0.282370 0.923732 -0.258819 ]
			 [ 0.412634 0.360518 0.836516 ]
	Point
		DataString "Weapon-2"
		Position [ -23.409601 10.197943 -8.826081 ]
		Orientation
			 [ 0.866025 0.000000 0.500000 ]
			 [ 0.129410 0.965926 -0.224144 ]
			 [ -0.482963 0.258819 0.836516 ]
	Point
		DataString "Weapon-2"
		Position [ -25.769184 9.844253 -12.249011 ]
		Orientation
			 [ 0.866025 -0.129410 0.482963 ]
			 [ 0.282370 0.923732 -0.258819 ]
			 [ -0.412634 0.360518 0.836516 ]
	Point
		DataString "Weapon-2"
		Position [ -12.565200 12.111230 -77.386475 ]
		Orientation
			 [ -1.000000 0.000000 0.000000 ]
			 [ 0.000000 0.965926 0.258819 ]
			 [ 0.000000 0.258819 -0.965926 ]
	Point
		DataString "Weapon-2"
		Position [ 12.623943 12.111230 -77.386475 ]
		Orientation
			 [ -1.000000 0.000000 0.000000 ]
			 [ 0.000000 0.965926 0.258819 ]
			 [ 0.000000 0.258819 -0.965926 ]
	Point
		DataString "Weapon-2"
		Position [ -7.944574 6.264067 68.775780 ]
		Orientation
			 [ 1.000000 0.000000 0.000000 ]
			 [ 0.000000 0.965926 -0.258819 ]
			 [ 0.000000 0.258819 0.965926 ]
	Point
		DataString "Weapon-2"
		Position [ 11.105536 6.264067 49.709778 ]
		Orientation
			 [ 1.000000 0.000000 0.000000 ]
			 [ 0.000000 0.965926 -0.258819 ]
			 [ 0.000000 0.258819 0.965926 ]
	Point
		DataString "Weapon-2"
		Position [ 7.777331 6.264067 68.771095 ]
		Orientation
			 [ 1.000000 0.000000 0.000000 ]
			 [ 0.000000 0.965926 -0.258819 ]
			 [ 0.000000 0.258819 0.965926 ]
	Point
		DataString "Weapon-2"
		Position [ 13.683407 10.428372 36.655563 ]
		Orientation
			 [ 1.000000 0.000000 0.000000 ]
			 [ 0.000000 0.965926 -0.258819 ]
			 [ 0.000000 0.258819 0.965926 ]
	Point
		DataString "Weapon-2"
		Position [ 13.683407 10.428372 27.963753 ]
		Orientation
			 [ 1.000000 0.000000 0.000000 ]
			 [ 0.000000 0.965926 -0.258819 ]
			 [ 0.000000 0.258819 0.965926 ]
	Point
		DataString "Weapon-2"
		Position [ -13.112572 10.861904 27.963757 ]
		Orientation
			 [ 1.000000 0.000000 0.000000 ]
			 [ 0.000000 0.965926 -0.258819 ]
			 [ 0.000000 0.258819 0.965926 ]
	Point
		DataString "Weapon-2"
		Position [ -13.112572 10.861904 36.655563 ]
		Orientation
			 [ 1.000000 0.000000 0.000000 ]
			 [ 0.000000 0.965926 -0.258819 ]
			 [ 0.000000 0.258819 0.965926 ]
	Point
		DataString "Weapon-2"
		Position [ 13.228765 11.957829 19.091194 ]
		Orientation
			 [ 0.866025 0.000000 -0.500000 ]
			 [ -0.129410 0.965926 -0.224144 ]
			 [ 0.482963 0.258819 0.836516 ]
	Point
		DataString "Weapon-2"
		Position [ -12.987341 12.065638 19.346867 ]
		Orientation
			 [ 0.866025 0.000000 0.500000 ]
			 [ 0.129410 0.965926 -0.224144 ]
			 [ -0.482963 0.258819 0.836516 ]
	Point
		DataString "Weapon-2"
		Position [ -16.682650 11.443510 11.663461 ]
		Orientation
			 [ 0.707107 0.000000 0.707107 ]
			 [ 0.183013 0.965926 -0.183013 ]
			 [ -0.683013 0.258819 0.683013 ]
	Point
		DataString "Weapon-2"
		Position [ 17.019636 11.280547 11.663457 ]
		Orientation
			 [ 0.707107 -0.000000 -0.707107 ]
			 [ -0.183013 0.965926 -0.183013 ]
			 [ 0.683013 0.258819 0.683013 ]
	Point
		DataString "Ability-1"
		Position [ 43.931713 -1.581324 -4.039192 ]
		Orientation
			 [ 1.000000 0.000000 0.000000 ]
			 [ 0.000000 1.000000 0.000000 ]
			 [ 0.000000 0.000000 1.000000 ]
	Point
		DataString "Ability-1"
		Position [ 40.871342 4.950210 -4.039192 ]
		Orientation
			 [ 1.000000 0.000000 0.000000 ]
			 [ 0.000000 1.000000 0.000000 ]
			 [ 0.000000 0.000000 1.000000 ]
	Point
		DataString "Ability-1"
		Position [ 47.882324 -6.978010 -4.039192 ]
		Orientation
			 [ 1.000000 0.000000 0.000000 ]
			 [ 0.000000 1.000000 0.000000 ]
			 [ 0.000000 0.000000 1.000000 ]
	Point
		DataString "Ability-1"
		Position [ -46.008171 -6.978010 -4.039192 ]
		Orientation
			 [ 1.000000 0.000000 0.000000 ]
			 [ 0.000000 1.000000 0.000000 ]
			 [ 0.000000 0.000000 1.000000 ]
	Point
		DataString "Ability-1"
		Position [ -42.400883 -1.581324 -4.039192 ]
		Orientation
			 [ 1.000000 0.000000 0.000000 ]
			 [ 0.000000 1.000000 0.000000 ]
			 [ 0.000000 0.000000 1.000000 ]
	Point
		DataString "Ability-1"
		Position [ -40.817089 4.950210 -4.039192 ]
		Orientation
			 [ 1.000000 0.000000 0.000000 ]
			 [ 0.000000 1.000000 0.000000 ]
			 [ 0.000000 0.000000 1.000000 ]
	Point
		DataString "Hangar"
		Position [ 27.807909 -5.895554 -29.022924 ]
		Orientation
			 [ 1.000000 0.000000 0.000000 ]
			 [ 0.000000 1.000000 0.000000 ]
			 [ 0.000000 0.000000 1.000000 ]
	Point
		DataString "Hangar"
		Position [ -28.853289 -5.895554 -29.022924 ]
		Orientation
			 [ 1.000000 0.000000 0.000000 ]
			 [ 0.000000 1.000000 0.000000 ]
			 [ 0.000000 0.000000 1.000000 ]
	NumVertices 1782
	Vertex
		Position [ -43.552238 -1.846794 -4.005958 ]
		Normal [ 0.745016 -0.666348 0.030523 ]
		Tangent [ 0.859893 0.510474 0.000433 ]
		Color 0
		U0 0.701490
		V0 0.188433
		U1 0.000000
		V1 0.000000
	Vertex
		Position [ -43.908981 -2.058643 -4.008591 ]
		Normal [ 0.279222 -0.959983 0.021616 ]
		Tangent [ 0.859893 0.510474 0.000433 ]
		Color 0
		U0 0.700394
		V0 0.188438
		U1 0.000000
		V1 0.000000
	Vertex
		Position [ -43.773609 -2.177810 -11.049896 ]
		Normal [ 0.398307 -0.914644 -0.069125 ]
		Tangent [ 0.859893 0.510474 0.000433 ]
		Color 0
		U0 0.700811
		V0 0.202807
		U1 0.000000
		V1 0.000000
	Vertex
		Position [ -43.317780 -1.907117 -11.046531 ]
		Normal [ 0.780861 -0.614423 -0.112877 ]
		Tangent [ 0.859898 0.510465 -0.000098 ]
		Color 0
		U0 0.702210
		V0 0.202800
		U1 0.000000
		V1 0.000000
	Vertex
		Position [ -21.291756 -3.128300 -71.201340 ]
		Normal [ -0.976186 -0.216937 0.000000 ]
		Tangent [ 0.000000 -1.000000 0.000049 ]
		Color 0
		U0 0.192639
		V0 0.993704
		U1 0.000000
		V1 0.000000
	Vertex
		Position [ -21.291750 3.125469 -9.312887 ]
		Normal [ -0.967608 0.218685 0.126142 ]
		Tangent [ 0.000000 -1.000000 0.000049 ]
		Color 0
		U0 0.171944
		V0 0.788896
		U1 0.000000
		V1 0.000000
	Vertex
		Position [ -21.291756 3.125469 -71.201340 ]
		Normal [ -0.900974 0.433874 0.000000 ]
		Tangent [ 0.000000 -1.000000 0.000049 ]
		Color 0
		U0 0.171944
		V0 0.993703
		U1 0.000000
		V1 0.000000
	Vertex
		Position [ -21.291750 -3.128300 -9.312887 ]
		Normal [ -0.913574 -0.394854 0.097327 ]
		Tangent [ 0.000000 -1.000000 0.000046 ]
		Color 0
		U0 0.192639
		V0 0.788897
		U1 0.000000
		V1 0.000000
	Vertex
		Position [ -44.396324 -2.276891 -11.051122 ]
		Normal [ 0.022777 -0.997034 -0.073518 ]
		Tangent [ 0.987582 0.157105 0.000415 ]
		Color 0
		U0 0.698898
		V0 0.202809
		U1 0.000000
		V1 0.000000
	Vertex
		Position [ -18.827349 6.252353 -9.634157 ]
		Normal [ -0.776281 0.622211 0.101200 ]
		Tangent [ -0.618993 -0.785392 -0.002732 ]
		Color 0
		U0 0.161560
		V0 0.789995
		U1 0.000000
		V1 0.000000
	Vertex
		Position [ -18.827354 6.252353 -71.201340 ]
		Normal [ -0.785395 0.618995 0.000000 ]
		Tangent [ -0.618993 -0.785392 -0.002732 ]
		Color 0
		U0 0.161560
		V0 0.993739
		U1 0.000000
		V1 0.000000
	Vertex
		Position [ -43.771084 -1.745458 -13.239127 ]
		Normal [ 0.712715 -0.696491 -0.083292 ]
		Tangent [ 0.408897 0.912580 -0.001235 ]
		Color 0
		U0 0.700817
		V0 0.207274
		U1 0.000000
		V1 0.000000
	Vertex
		Position [ -43.674328 -1.531096 -13.236467 ]
		Normal [ 0.993118 0.002993 -0.117084 ]
		Tangent [ 0.408897 0.912580 -0.001235 ]
		Color 0
		U0 0.701115
		V0 0.207268
		U1 0.000000
		V1 0.000000
	Vertex
		Position [ -18.827349 6.252353 -9.634157 ]
		Normal [ 0.000000 1.000000 0.000000 ]
		Tangent [ 1.000000 0.000000 0.000006 ]
		Color 0
		U0 0.570091
		V0 0.740866
		U1 0.000000
		V1 0.000000
	Vertex
		Position [ -13.016765 6.252353 12.273011 ]
		Normal [ 0.000000 1.000000 0.000000 ]
		Tangent [ 1.000000 0.000000 0.000006 ]
		Color 0
		U0 0.594326
		V0 0.650821
		U1 0.000000
		V1 0.000000
	Vertex
		Position [ -18.827354 6.252353 -71.201340 ]
		Normal [ 0.000000 1.000000 0.000000 ]
		Tangent [ 1.000000 0.000000 0.000006 ]
		Color 0
		U0 0.570091
		V0 0.993926
		U1 0.000000
		V1 0.000000
	Vertex
		Position [ -6.192476 6.252353 -71.201340 ]
		Normal [ 0.000000 1.000000 0.000000 ]
		Tangent [ 1.000000 0.000000 0.000000 ]
		Color 0
		U0 0.622788
		V0 0.993926
		U1 0.000000
		V1 0.000000
	Vertex
		Position [ -9.934394 6.252353 56.724064 ]
		Normal [ 0.000000 1.000000 0.000000 ]
		Tangent [ 1.000000 0.000000 0.000016 ]
		Color 0
		U0 0.607181
		V0 0.468114
		U1 0.000000
		V1 0.000000
	Vertex
		Position [ -13.016761 6.252353 50.852440 ]
		Normal [ 0.000000 1.000000 0.000000 ]
		Tangent [ 1.000000 0.000000 0.000012 ]
		Color 0
		U0 0.594326
		V0 0.492248
		U1 0.000000
		V1 0.000000
	Vertex
		Position [ -13.016761 6.252353 50.852440 ]
		Normal [ -0.767548 0.628953 0.123643 ]
		Tangent [ -0.618993 -0.785392 -0.002691 ]
		Color 0
		U0 0.161476
		V0 0.589911
		U1 0.000000
		V1 0.000000
	Vertex
		Position [ -15.481165 3.125469 12.594282 ]
		Normal [ -0.920957 0.376552 0.100234 ]
		Tangent [ -0.618993 -0.785392 -0.002691 ]
		Color 0
		U0 0.171859
		V0 0.716483
		U1 0.000000
		V1 0.000000
	Vertex
		Position [ -15.481161 3.125469 51.459980 ]
		Normal [ -0.893189 0.335281 0.299665 ]
		Tangent [ -0.618993 -0.785392 -0.002691 ]
		Color 0
		U0 0.171859
		V0 0.587865
		U1 0.000000
		V1 0.000000
	Vertex
		Position [ -13.016765 6.252353 12.273011 ]
		Normal [ -0.776281 0.622211 0.101200 ]
		Tangent [ -0.618993 -0.785392 -0.002717 ]
		Color 0
		U0 0.161476
		V0 0.717582
		U1 0.000000
		V1 0.000000
	Vertex
		Position [ -43.150867 -1.537344 -11.041942 ]
		Normal [ 0.994876 0.064178 -0.078117 ]
		Tangent [ 0.409234 0.912429 0.000365 ]
		Color 0
		U0 0.702723
		V0 0.202791
		U1 0.000000
		V1 0.000000
	Vertex
		Position [ -48.144215 -6.657236 -37.136513 ]
		Normal [ -0.671829 0.740703 0.002109 ]
		Tangent [ 0.859831 0.510576 0.001578 ]
		Color 0
		U0 0.687386
		V0 0.256037
		U1 0.000000
		V1 0.000000
	Vertex
		Position [ -47.879875 -6.568328 -13.231853 ]
		Normal [ -0.339156 0.939466 -0.048745 ]
		Tangent [ 0.859831 0.510576 0.001578 ]
		Color 0
		U0 0.688199
		V0 0.207258
		U1 0.000000
		V1 0.000000
	Vertex
		Position [ -47.879879 -6.500275 -37.134567 ]
		Normal [ -0.339884 0.940464 0.002678 ]
		Tangent [ 0.859831 0.510576 0.001578 ]
		Color 0
		U0 0.688199
		V0 0.256034
		U1 0.000000
		V1 0.000000
	Vertex
		Position [ -48.144211 -6.725289 -13.233806 ]
		Normal [ -0.742028 0.663907 -0.092854 ]
		Tangent [ 0.859827 0.510583 -0.001630 ]
		Color 0
		U0 0.687386
		V0 0.207263
		U1 0.000000
		V1 0.000000
	Vertex
		Position [ -48.141624 -6.305380 -11.033988 ]
		Normal [ -0.312529 0.946941 -0.075022 ]
		Tangent [ 0.860503 0.509443 -0.001629 ]
		Color 0
		U0 0.687393
		V0 0.202774
		U1 0.000000
		V1 0.000000
	Vertex
		Position [ -48.597507 -6.576127 -11.037351 ]
		Normal [ -0.741147 0.665815 -0.085977 ]
		Tangent [ 0.860420 0.509585 -0.001096 ]
		Color 0
		U0 0.685993
		V0 0.202782
		U1 0.000000
		V1 0.000000
	Vertex
		Position [ -15.481161 -3.128300 51.459980 ]
		Normal [ -0.930127 -0.335281 0.149833 ]
		Tangent [ 0.000000 -1.000000 0.000049 ]
		Color 0
		U0 0.192555
		V0 0.587866
		U1 0.000000
		V1 0.000000
	Vertex
		Position [ -15.481165 -3.128300 12.594282 ]
		Normal [ -0.929961 -0.329765 0.162566 ]
		Tangent [ 0.000000 -1.000000 0.000049 ]
		Color 0
		U0 0.192555
		V0 0.716484
		U1 0.000000
		V1 0.000000
	Vertex
		Position [ -47.518963 -6.442873 -37.133854 ]
		Normal [ -0.052948 0.998593 0.002843 ]
		Tangent [ 0.987586 0.157075 0.000595 ]
		Color 0
		U0 0.689307
		V0 0.256033
		U1 0.000000
		V1 0.000000
	Vertex
		Position [ -47.518959 -6.510928 -13.231146 ]
		Normal [ 0.022755 0.996742 -0.077379 ]
		Tangent [ 0.987586 0.157065 0.001934 ]
		Color 0
		U0 0.689307
		V0 0.207258
		U1 0.000000
		V1 0.000000
	Vertex
		Position [ -47.157990 -7.242924 -37.143791 ]
		Normal [ 0.000000 0.012368 -0.999924 ]
		Tangent [ 1.000000 0.000000 0.000000 ]
		Color 0
		U0 0.690415
		V0 0.256053
		U1 0.000000
		V1 0.000000
	Vertex
		Position [ -47.518963 -7.300323 -37.144497 ]
		Normal [ 0.000000 0.012294 -0.999924 ]
		Tangent [ 1.000000 0.000000 0.000000 ]
		Color 0
		U0 0.689307
		V0 0.256054
		U1 0.000000
		V1 0.000000
	Vertex
		Position [ -47.879879 -7.242924 -37.143791 ]
		Normal [ 0.000000 0.012393 -0.999923 ]
		Tangent [ 1.000000 0.000000 0.000000 ]
		Color 0
		U0 0.688199
		V0 0.256053
		U1 0.000000
		V1 0.000000
	Vertex
		Position [ -18.827349 -6.255184 -9.634157 ]
		Normal [ -0.771437 -0.621851 0.134855 ]
		Tangent [ 0.632378 -0.774655 0.002777 ]
		Color 0
		U0 0.202951
		V0 0.789996
		U1 0.000000
		V1 0.000000
	Vertex
		Position [ -13.016765 -6.255184 12.273011 ]
		Normal [ -0.780228 -0.621851 0.067427 ]
		Tangent [ 0.632378 -0.774655 0.002777 ]
		Color 0
		U0 0.202867
		V0 0.717583
		U1 0.000000
		V1 0.000000
	Vertex
		Position [ -47.031616 -7.467200 -4.008591 ]
		Normal [ 0.279220 -0.959984 0.021616 ]
		Tangent [ 0.987583 0.157100 0.000414 ]
		Color 0
		U0 0.690803
		V0 0.188438
		U1 0.000000
		V1 0.000000
	Vertex
		Position [ -47.518959 -7.685447 -11.051122 ]
		Normal [ 0.031882 -0.998458 -0.045441 ]
		Tangent [ 0.987583 0.157100 0.000414 ]
		Color 0
		U0 0.689307
		V0 0.202809
		U1 0.000000
		V1 0.000000
	Vertex
		Position [ -46.896236 -7.586368 -11.049896 ]
		Normal [ 0.339562 -0.938340 -0.064936 ]
		Tangent [ 0.987583 0.157100 0.000414 ]
		Color 0
		U0 0.691220
		V0 0.202807
		U1 0.000000
		V1 0.000000
	Vertex
		Position [ -47.518959 -7.544731 -4.009555 ]
		Normal [ -0.052942 -0.998398 0.019951 ]
		Tangent [ 0.987586 0.157076 -0.000000 ]
		Color 0
		U0 0.689307
		V0 0.188440
		U1 0.000000
		V1 0.000000
	Vertex
		Position [ -18.827354 -6.255184 -71.201340 ]
		Normal [ -0.785394 -0.618996 0.000000 ]
		Tangent [ 0.618993 -0.785392 0.002723 ]
		Color 0
		U0 0.202951
		V0 0.993740
		U1 0.000000
		V1 0.000000
	Vertex
		Position [ -44.396328 -1.034317 -37.133854 ]
		Normal [ 0.000000 0.012397 -0.999923 ]
		Tangent [ 0.999889 -0.014877 -0.000191 ]
		Color 0
		U0 0.698898
		V0 0.256033
		U1 0.000000
		V1 0.000000
	Vertex
		Position [ -44.035355 -1.091718 -37.134567 ]
		Normal [ -0.000007 0.012382 -0.999923 ]
		Tangent [ 0.999889 -0.014877 -0.000191 ]
		Color 0
		U0 0.700005
		V0 0.256034
		U1 0.000000
		V1 0.000000
	Vertex
		Position [ -43.771088 -1.248680 -37.136513 ]
		Normal [ -0.000001 0.012405 -0.999923 ]
		Tangent [ 0.999889 -0.014877 -0.000191 ]
		Color 0
		U0 0.700817
		V0 0.256037
		U1 0.000000
		V1 0.000000
	Vertex
		Position [ -18.827354 -6.255184 -71.201340 ]
		Normal [ 0.000000 0.000000 -1.000000 ]
		Tangent [ 1.000000 0.000100 0.000000 ]
		Color 0
		U0 0.389717
		V0 0.120124
		U1 0.000000
		V1 0.000000
	Vertex
		Position [ -19.843632 -2.626236 -71.201340 ]
		Normal [ 0.000000 0.000000 -1.000000 ]
		Tangent [ 1.000000 0.000100 0.000000 ]
		Color 0
		U0 0.382983
		V0 0.096080
		U1 0.000000
		V1 0.000000
	Vertex
		Position [ -18.124853 -4.807060 -71.201340 ]
		Normal [ 0.000000 0.000000 -1.000000 ]
		Tangent [ 1.000000 0.000100 0.000000 ]
		Color 0
		U0 0.394371
		V0 0.110530
		U1 0.000000
		V1 0.000000
	Vertex
		Position [ -21.291756 -3.128300 -71.201340 ]
		Normal [ 0.000000 0.000000 -1.000000 ]
		Tangent [ 1.000000 -0.000051 0.000000 ]
		Color 0
		U0 0.373389
		V0 0.099407
		U1 0.000000
		V1 0.000000
	Vertex
		Position [ -7.640600 -4.807060 -71.201340 ]
		Normal [ 0.000000 0.000000 -1.000000 ]
		Tangent [ 1.000000 0.000000 0.000000 ]
		Color 0
		U0 0.463836
		V0 0.110530
		U1 0.000000
		V1 0.000000
	Vertex
		Position [ -6.192476 -6.255184 -71.201340 ]
		Normal [ -0.268528 0.000000 -0.963272 ]
		Tangent [ 1.000000 0.000000 0.000000 ]
		Color 0
		U0 0.473431
		V0 0.120124
		U1 0.000000
		V1 0.000000
	Vertex
		Position [ -7.640600 -4.807060 -71.201340 ]
		Normal [ 0.000000 1.000000 0.000000 ]
		Tangent [ 0.000000 0.000000 1.000000 ]
		Color 0
		U0 0.745807
		V0 0.594983
		U1 0.000000
		V1 0.000000
	Vertex
		Position [ -18.124853 -4.807060 -71.201340 ]
		Normal [ 0.000000 1.000000 0.000000 ]
		Tangent [ 0.000000 0.000000 1.000000 ]
		Color 0
		U0 0.745807
		V0 0.478723
		U1 0.000000
		V1 0.000000
	Vertex
		Position [ -7.640600 -4.807060 -69.354591 ]
		Normal [ 0.000000 1.000000 0.000000 ]
		Tangent [ 0.000000 0.000000 1.000000 ]
		Color 0
		U0 0.766285
		V0 0.594983
		U1 0.000000
		V1 0.000000
	Vertex
		Position [ -18.124853 -4.807060 -69.354591 ]
		Normal [ 0.000000 1.000000 0.000000 ]
		Tangent [ 0.000000 0.000000 1.000000 ]
		Color 0
		U0 0.766285
		V0 0.478723
		U1 0.000000
		V1 0.000000
	Vertex
		Position [ -18.124853 -4.807060 -69.354591 ]
		Normal [ 0.785395 0.618995 0.000000 ]
		Tangent [ 0.000000 0.000000 1.000000 ]
		Color 0
		U0 0.143653
		V0 0.587348
		U1 0.000000
		V1 0.000000
	Vertex
		Position [ -18.124853 -4.807060 -71.201340 ]
		Normal [ 0.785395 0.618995 0.000000 ]
		Tangent [ 0.000000 0.000000 1.000000 ]
		Color 0
		U0 0.118347
		V0 0.587348
		U1 0.000000
		V1 0.000000
	Vertex
		Position [ -19.843632 -2.626236 -69.354591 ]
		Normal [ 0.900974 0.433873 0.000000 ]
		Tangent [ 0.000000 0.000000 1.000000 ]
		Color 0
		U0 0.143653
		V0 0.557464
		U1 0.000000
		V1 0.000000
	Vertex
		Position [ -19.843632 -2.626236 -71.201340 ]
		Normal [ 0.976186 0.216937 0.000000 ]
		Tangent [ 0.000000 0.000000 1.000000 ]
		Color 0
		U0 0.118347
		V0 0.557464
		U1 0.000000
		V1 0.000000
	Vertex
		Position [ -47.879875 -7.310977 -13.241078 ]
		Normal [ -0.364535 -0.928495 -0.070794 ]
		Tangent [ 0.859824 -0.510589 0.001630 ]
		Color 0
		U0 0.688199
		V0 0.207278
		U1 0.000000
		V1 0.000000
	Vertex
		Position [ -48.144215 -7.085961 -37.141838 ]
		Normal [ -0.671833 -0.740700 -0.002109 ]
		Tangent [ 0.859824 -0.510589 0.001630 ]
		Color 0
		U0 0.687386
		V0 0.256048
		U1 0.000000
		V1 0.000000
	Vertex
		Position [ -48.144211 -7.154014 -13.239127 ]
		Normal [ -0.783876 -0.615615 -0.080979 ]
		Tangent [ 0.859827 -0.510585 0.000019 ]
		Color 0
		U0 0.687386
		V0 0.207274
		U1 0.000000
		V1 0.000000
	Vertex
		Position [ -21.291756 3.125469 -71.201340 ]
		Normal [ 0.000000 0.000000 -1.000000 ]
		Tangent [ 1.000000 -0.000056 0.000000 ]
		Color 0
		U0 0.373389
		V0 0.057972
		U1 0.000000
		V1 0.000000
	Vertex
		Position [ -19.843632 -0.657620 -71.201340 ]
		Normal [ 0.000000 0.000000 -1.000000 ]
		Tangent [ 1.000000 0.000031 0.000000 ]
		Color 0
		U0 0.382983
		V0 0.083037
		U1 0.000000
		V1 0.000000
	Vertex
		Position [ -19.843632 0.654790 -71.201340 ]
		Normal [ 0.000000 0.000000 -1.000000 ]
		Tangent [ 1.000000 0.000125 0.000000 ]
		Color 0
		U0 0.382983
		V0 0.074342
		U1 0.000000
		V1 0.000000
	Vertex
		Position [ -19.843632 2.623405 -71.201340 ]
		Normal [ 0.000000 0.000000 -1.000000 ]
		Tangent [ 1.000000 -0.000069 0.000000 ]
		Color 0
		U0 0.382983
		V0 0.061298
		U1 0.000000
		V1 0.000000
	Vertex
		Position [ -18.124853 4.804229 -71.201340 ]
		Normal [ 0.000000 0.000000 -1.000000 ]
		Tangent [ 1.000000 -0.000034 0.000000 ]
		Color 0
		U0 0.394371
		V0 0.046849
		U1 0.000000
		V1 0.000000
	Vertex
		Position [ -18.827354 6.252353 -71.201340 ]
		Normal [ 0.000000 0.000000 -1.000000 ]
		Tangent [ 1.000000 0.000007 0.000000 ]
		Color 0
		U0 0.389717
		V0 0.037254
		U1 0.000000
		V1 0.000000
	Vertex
		Position [ -48.240913 -6.871598 -37.139175 ]
		Normal [ -1.000000 0.000000 0.000000 ]
		Tangent [ 0.411186 0.911551 0.000885 ]
		Color 0
		U0 0.687090
		V0 0.256043
		U1 0.000000
		V1 0.000000
	Vertex
		Position [ -48.240910 -6.939652 -13.236467 ]
		Normal [ -0.987780 0.001694 -0.155847 ]
		Tangent [ 0.411186 0.911551 0.000885 ]
		Color 0
		U0 0.687090
		V0 0.207268
		U1 0.000000
		V1 0.000000
	Vertex
		Position [ -7.640600 4.804229 -71.201340 ]
		Normal [ 0.000000 0.000000 -1.000000 ]
		Tangent [ 1.000000 0.000000 0.000000 ]
		Color 0
		U0 0.463836
		V0 0.046849
		U1 0.000000
		V1 0.000000
	Vertex
		Position [ -6.192476 6.252353 -71.201340 ]
		Normal [ -0.228560 0.000000 -0.973530 ]
		Tangent [ 1.000000 0.000000 0.000000 ]
		Color 0
		U0 0.473431
		V0 0.037254
		U1 0.000000
		V1 0.000000
	Vertex
		Position [ -7.640600 0.654790 -71.201340 ]
		Normal [ 0.000000 0.000000 -1.000000 ]
		Tangent [ 1.000000 -0.000018 0.000000 ]
		Color 0
		U0 0.463836
		V0 0.074342
		U1 0.000000
		V1 0.000000
	Vertex
		Position [ -7.640600 -0.657620 -71.201340 ]
		Normal [ 0.000000 0.000000 -1.000000 ]
		Tangent [ 1.000000 -0.000307 0.000000 ]
		Color 0
		U0 0.463836
		V0 0.083037
		U1 0.000000
		V1 0.000000
	Vertex
		Position [ -41.634621 4.316839 -37.134567 ]
		Normal [ -0.339888 0.940462 0.002678 ]
		Tangent [ 0.987588 0.157068 0.000593 ]
		Color 0
		U0 0.707379
		V0 0.256034
		U1 0.000000
		V1 0.000000
	Vertex
		Position [ -41.273693 4.306186 -13.231146 ]
		Normal [ -0.052788 0.996337 -0.067279 ]
		Tangent [ 0.987588 0.157068 0.000593 ]
		Color 0
		U0 0.708488
		V0 0.207258
		U1 0.000000
		V1 0.000000
	Vertex
		Position [ -41.273697 4.374240 -37.133854 ]
		Normal [ 0.052925 0.998594 0.002843 ]
		Tangent [ 0.987588 0.157068 0.000593 ]
		Color 0
		U0 0.708488
		V0 0.256033
		U1 0.000000
		V1 0.000000
	Vertex
		Position [ -41.634617 4.248786 -13.231853 ]
		Normal [ -0.373217 0.923122 -0.092488 ]
		Tangent [ 0.987587 0.157063 0.001939 ]
		Color 0
		U0 0.707379
		V0 0.207258
		U1 0.000000
		V1 0.000000
	Vertex
		Position [ -13.016765 -6.255184 12.273011 ]
		Normal [ 0.000000 -1.000000 0.000000 ]
		Tangent [ -1.000000 0.000000 -0.000176 ]
		Color 0
		U0 0.117086
		V0 0.721677
		U1 0.000000
		V1 0.000000
	Vertex
		Position [ -9.934394 -6.255184 56.724064 ]
		Normal [ 0.000000 -1.000000 0.000000 ]
		Tangent [ -1.000000 0.000000 -0.000176 ]
		Color 0
		U0 0.107280
		V0 0.580885
		U1 0.000000
		V1 0.000000
	Vertex
		Position [ -13.016761 -6.255184 50.852440 ]
		Normal [ 0.000000 -1.000000 0.000000 ]
		Tangent [ -1.000000 0.000000 -0.000176 ]
		Color 0
		U0 0.117086
		V0 0.599481
		U1 0.000000
		V1 0.000000
	Vertex
		Position [ -9.934393 -6.255184 69.853050 ]
		Normal [ -0.000000 -0.979024 0.203743 ]
		Tangent [ -1.000000 0.000000 -0.000305 ]
		Color 0
		U0 0.107280
		V0 0.539300
		U1 0.000000
		V1 0.000000
	Vertex
		Position [ -5.655234 -6.255184 69.853050 ]
		Normal [ -0.286103 -0.950496 0.121251 ]
		Tangent [ -1.000000 0.000000 -0.000145 ]
		Color 0
		U0 0.093666
		V0 0.539302
		U1 0.000000
		V1 0.000000
	Vertex
		Position [ -6.192476 -6.255184 -71.201340 ]
		Normal [ 0.000000 -1.000000 0.000000 ]
		Tangent [ -1.000000 0.000000 -0.000165 ]
		Color 0
		U0 0.095375
		V0 0.986077
		U1 0.000000
		V1 0.000000
	Vertex
		Position [ -18.827354 -6.255184 -71.201340 ]
		Normal [ 0.000000 -1.000000 0.000000 ]
		Tangent [ -1.000000 0.000000 -0.000150 ]
		Color 0
		U0 0.135572
		V0 0.986071
		U1 0.000000
		V1 0.000000
	Vertex
		Position [ -18.827349 -6.255184 -9.634157 ]
		Normal [ 0.000000 -1.000000 0.000000 ]
		Tangent [ -1.000000 0.000000 -0.000152 ]
		Color 0
		U0 0.135572
		V0 0.791063
		U1 0.000000
		V1 0.000000
	Vertex
		Position [ -45.018997 -2.177810 -11.049896 ]
		Normal [ -0.364848 -0.929354 -0.056461 ]
		Tangent [ 0.859865 -0.510522 -0.000432 ]
		Color 0
		U0 0.696985
		V0 0.202807
		U1 0.000000
		V1 0.000000
	Vertex
		Position [ -44.883675 -2.058643 -4.008591 ]
		Normal [ -0.339753 -0.940247 0.022442 ]
		Tangent [ 0.859865 -0.510522 -0.000432 ]
		Color 0
		U0 0.697400
		V0 0.188438
		U1 0.000000
		V1 0.000000
	Vertex
		Position [ -45.240372 -1.846794 -4.005958 ]
		Normal [ -0.745015 -0.666350 0.030521 ]
		Tangent [ 0.859865 -0.510522 -0.000432 ]
		Color 0
		U0 0.696305
		V0 0.188433
		U1 0.000000
		V1 0.000000
	Vertex
		Position [ -45.018997 -0.896823 -11.033988 ]
		Normal [ -0.278506 0.958563 -0.059932 ]
		Tangent [ 0.987587 0.157064 0.001934 ]
		Color 0
		U0 0.696985
		V0 0.202774
		U1 0.000000
		V1 0.000000
	Vertex
		Position [ -44.396324 -1.102371 -13.231146 ]
		Normal [ -0.052789 0.996337 -0.067279 ]
		Tangent [ 0.987587 0.157064 0.001934 ]
		Color 0
		U0 0.698898
		V0 0.207258
		U1 0.000000
		V1 0.000000
	Vertex
		Position [ -44.757244 -1.159771 -13.231853 ]
		Normal [ -0.373215 0.923123 -0.092488 ]
		Tangent [ 0.987587 0.157064 0.001934 ]
		Color 0
		U0 0.697789
		V0 0.207258
		U1 0.000000
		V1 0.000000
	Vertex
		Position [ -44.396324 -0.797769 -11.032757 ]
		Normal [ 0.052830 0.997038 -0.055897 ]
		Tangent [ 0.987615 0.156897 0.000424 ]
		Color 0
		U0 0.698898
		V0 0.202772
		U1 0.000000
		V1 0.000000
	Vertex
		Position [ -28.237127 29.398216 -43.602798 ]
		Normal [ -0.026649 0.999645 0.000000 ]
		Tangent [ -0.000000 0.000000 -1.000000 ]
		Color 0
		U0 0.428690
		V0 0.512393
		U1 0.000000
		V1 0.000000
	Vertex
		Position [ -27.496862 29.315773 -64.429955 ]
		Normal [ 0.245925 0.969289 -0.000000 ]
		Tangent [ -0.000000 0.000000 -1.000000 ]
		Color 0
		U0 0.579166
		V0 0.507463
		U1 0.000000
		V1 0.000000
	Vertex
		Position [ -28.237129 29.398216 -64.429955 ]
		Normal [ -0.026649 0.999645 0.000000 ]
		Tangent [ -0.000000 0.000000 -1.000000 ]
		Color 0
		U0 0.579166
		V0 0.512393
		U1 0.000000
		V1 0.000000
	Vertex
		Position [ -27.496861 29.315773 -43.602798 ]
		Normal [ 0.245925 0.969289 -0.000000 ]
		Tangent [ -0.000000 0.000000 -1.000000 ]
		Color 0
		U0 0.428690
		V0 0.507463
		U1 0.000000
		V1 0.000000
	Vertex
		Position [ -44.035351 -1.159771 -13.231853 ]
		Normal [ 0.278220 0.957808 -0.072089 ]
		Tangent [ 0.987617 -0.156886 -0.000423 ]
		Color 0
		U0 0.700005
		V0 0.207258
		U1 0.000000
		V1 0.000000
	Vertex
		Position [ -43.773609 -0.896823 -11.033988 ]
		Normal [ 0.373647 0.923895 -0.082500 ]
		Tangent [ 0.987617 -0.156886 -0.000423 ]
		Color 0
		U0 0.700811
		V0 0.202774
		U1 0.000000
		V1 0.000000
	Vertex
		Position [ 40.903706 3.448736 -13.241797 ]
		Normal [ 0.031874 -0.997742 -0.059124 ]
		Tangent [ 0.987590 -0.157051 0.000691 ]
		Color 0
		U0 0.960880
		V0 0.207280
		U1 0.000000
		V1 0.000000
	Vertex
		Position [ 40.542732 3.506137 -13.241086 ]
		Normal [ -0.278609 -0.957254 -0.077733 ]
		Tangent [ 0.987590 -0.157051 0.000691 ]
		Color 0
		U0 0.959773
		V0 0.207278
		U1 0.000000
		V1 0.000000
	Vertex
		Position [ 40.903702 3.516790 -37.144505 ]
		Normal [ -0.052926 -0.998594 -0.002843 ]
		Tangent [ 0.987590 -0.157051 0.000691 ]
		Color 0
		U0 0.960880
		V0 0.256054
		U1 0.000000
		V1 0.000000
	Vertex
		Position [ -5.655246 -6.255184 -71.799255 ]
		Normal [ -0.337795 -0.941220 0.000000 ]
		Tangent [ -1.000000 0.000000 -0.000095 ]
		Color 0
		U0 0.093666
		V0 0.987971
		U1 0.000000
		V1 0.000000
	Vertex
		Position [ -5.655246 -6.255184 -71.799255 ]
		Normal [ -0.736531 -0.139920 -0.661774 ]
		Tangent [ 0.668350 0.000000 -0.743847 ]
		Color 0
		U0 0.476991
		V0 0.120124
		U1 0.000000
		V1 0.000000
	Vertex
		Position [ -5.655246 6.252353 -71.799255 ]
		Normal [ -0.722586 0.237386 -0.649243 ]
		Tangent [ 0.668350 0.000000 -0.743847 ]
		Color 0
		U0 0.476991
		V0 0.037254
		U1 0.000000
		V1 0.000000
	Vertex
		Position [ -5.655246 6.252353 -71.799255 ]
		Normal [ -0.447205 0.894431 0.000000 ]
		Tangent [ 1.000000 0.000000 0.000191 ]
		Color 0
		U0 0.625029
		V0 0.996384
		U1 0.000000
		V1 0.000000
	Vertex
		Position [ -5.655234 6.252353 69.853050 ]
		Normal [ -0.187683 0.970609 0.150640 ]
		Tangent [ 1.000000 0.000000 0.000191 ]
		Color 0
		U0 0.625029
		V0 0.414150
		U1 0.000000
		V1 0.000000
	Vertex
		Position [ -9.934393 6.252353 69.853050 ]
		Normal [ 0.000000 0.986008 0.166698 ]
		Tangent [ 1.000000 0.000000 0.000000 ]
		Color 0
		U0 0.607181
		V0 0.414150
		U1 0.000000
		V1 0.000000
	Vertex
		Position [ -9.934393 6.252353 69.853050 ]
		Normal [ -0.795787 0.590297 0.135172 ]
		Tangent [ -0.618993 -0.785392 -0.002655 ]
		Color 0
		U0 0.161431
		V0 0.527077
		U1 0.000000
		V1 0.000000
	Vertex
		Position [ -12.398794 3.125469 57.331604 ]
		Normal [ -0.898016 0.401677 0.179504 ]
		Tangent [ -0.618993 -0.785392 -0.002655 ]
		Color 0
		U0 0.171815
		V0 0.568479
		U1 0.000000
		V1 0.000000
	Vertex
		Position [ -12.398793 3.125469 68.999710 ]
		Normal [ -0.924901 0.336542 0.176911 ]
		Tangent [ -0.618993 -0.785392 -0.002655 ]
		Color 0
		U0 0.171815
		V0 0.529866
		U1 0.000000
		V1 0.000000
	Vertex
		Position [ -9.934394 6.252353 56.724064 ]
		Normal [ -0.737067 0.628953 0.247286 ]
		Tangent [ -0.618993 -0.785392 -0.002690 ]
		Color 0
		U0 0.161431
		V0 0.570525
		U1 0.000000
		V1 0.000000
	Vertex
		Position [ -48.764362 -6.945900 -11.041942 ]
		Normal [ -0.998625 0.000567 -0.052416 ]
		Tangent [ 0.413427 0.910537 0.000513 ]
		Color 0
		U0 0.685481
		V0 0.202791
		U1 0.000000
		V1 0.000000
	Vertex
		Position [ -48.363003 -6.676508 -3.998771 ]
		Normal [ -0.810826 0.584219 0.035346 ]
		Tangent [ 0.410955 0.911656 0.000467 ]
		Color 0
		U0 0.686715
		V0 0.188419
		U1 0.000000
		V1 0.000000
	Vertex
		Position [ -48.493610 -6.965942 -4.002366 ]
		Normal [ -0.999261 -0.000431 0.038432 ]
		Tangent [ 0.410955 0.911656 0.000467 ]
		Color 0
		U0 0.686313
		V0 0.188426
		U1 0.000000
		V1 0.000000
	Vertex
		Position [ -12.398794 -3.128300 57.331604 ]
		Normal [ -0.922377 -0.288017 0.257422 ]
		Tangent [ 0.000000 -1.000000 0.000000 ]
		Color 0
		U0 0.192510
		V0 0.568479
		U1 0.000000
		V1 0.000000
	Vertex
		Position [ 46.526249 -6.305380 -11.033996 ]
		Normal [ -0.338421 0.938783 -0.064488 ]
		Tangent [ 0.987578 0.157130 0.000424 ]
		Color 0
		U0 0.978150
		V0 0.202774
		U1 0.000000
		V1 0.000000
	Vertex
		Position [ 47.148968 -6.387154 -3.995185 ]
		Normal [ 0.000002 0.999670 0.025689 ]
		Tangent [ 0.987578 0.157130 0.000424 ]
		Color 0
		U0 0.980063
		V0 0.188411
		U1 0.000000
		V1 0.000000
	Vertex
		Position [ 47.148968 -6.206326 -11.032764 ]
		Normal [ -0.031532 0.996886 -0.072278 ]
		Tangent [ 0.987578 0.157130 0.000424 ]
		Color 0
		U0 0.980063
		V0 0.202772
		U1 0.000000
		V1 0.000000
	Vertex
		Position [ 46.661629 -6.464712 -3.996151 ]
		Normal [ -0.399054 0.916487 0.028420 ]
		Tangent [ 0.987564 0.157219 -0.000055 ]
		Color 0
		U0 0.978566
		V0 0.188413
		U1 0.000000
		V1 0.000000
	Vertex
		Position [ -13.016761 -6.255184 50.852440 ]
		Normal [ -0.737067 -0.628953 0.247286 ]
		Tangent [ 0.665725 -0.746191 0.002891 ]
		Color 0
		U0 0.202867
		V0 0.589912
		U1 0.000000
		V1 0.000000
	Vertex
		Position [ -9.934394 -6.255184 56.724064 ]
		Normal [ -0.767548 -0.628953 0.123643 ]
		Tangent [ 0.665749 -0.746170 0.002972 ]
		Color 0
		U0 0.202822
		V0 0.570526
		U1 0.000000
		V1 0.000000
	Vertex
		Position [ -45.021584 -1.248680 -37.136513 ]
		Normal [ -0.811212 0.584749 0.001665 ]
		Tangent [ 0.411185 0.911551 -0.001098 ]
		Color 0
		U0 0.696977
		V0 0.256037
		U1 0.000000
		V1 0.000000
	Vertex
		Position [ -45.118282 -1.463042 -37.139175 ]
		Normal [ -0.988884 -0.148690 -0.000423 ]
		Tangent [ 0.411185 0.911551 -0.001098 ]
		Color 0
		U0 0.696680
		V0 0.256043
		U1 0.000000
		V1 0.000000
	Vertex
		Position [ -45.118279 -1.531096 -13.236467 ]
		Normal [ -0.993118 0.002976 -0.117077 ]
		Tangent [ 0.411185 0.911551 -0.001098 ]
		Color 0
		U0 0.696680
		V0 0.207268
		U1 0.000000
		V1 0.000000
	Vertex
		Position [ -43.674332 -1.463042 -37.139175 ]
		Normal [ 0.988871 -0.148776 -0.000424 ]
		Tangent [ 0.411387 0.911460 -0.001226 ]
		Color 0
		U0 0.701115
		V0 0.256043
		U1 0.000000
		V1 0.000000
	Vertex
		Position [ -12.398793 -3.128300 68.999710 ]
		Normal [ -0.901379 -0.378845 0.209745 ]
		Tangent [ 0.618993 -0.785392 0.002769 ]
		Color 0
		U0 0.192510
		V0 0.529866
		U1 0.000000
		V1 0.000000
	Vertex
		Position [ -9.934393 -6.255184 69.853050 ]
		Normal [ -0.794358 -0.565578 0.221624 ]
		Tangent [ 0.618993 -0.785392 0.002730 ]
		Color 0
		U0 0.202822
		V0 0.527078
		U1 0.000000
		V1 0.000000
	Vertex
		Position [ 43.401096 -1.316733 -13.233813 ]
		Normal [ -0.783167 0.616988 -0.077298 ]
		Tangent [ 0.411388 0.911460 0.000885 ]
		Color 0
		U0 0.968553
		V0 0.207263
		U1 0.000000
		V1 0.000000
	Vertex
		Position [ 43.304337 -1.463042 -37.139183 ]
		Normal [ -1.000000 -0.000000 0.000000 ]
		Tangent [ 0.411388 0.911460 0.000885 ]
		Color 0
		U0 0.968254
		V0 0.256043
		U1 0.000000
		V1 0.000000
	Vertex
		Position [ 43.304340 -1.531096 -13.236475 ]
		Normal [ -0.986140 0.089733 -0.139556 ]
		Tangent [ 0.411388 0.911460 0.000885 ]
		Color 0
		U0 0.968254
		V0 0.207268
		U1 0.000000
		V1 0.000000
	Vertex
		Position [ 43.401093 -1.248680 -37.136520 ]
		Normal [ -0.671836 0.740697 0.002109 ]
		Tangent [ 0.411387 0.911460 -0.001102 ]
		Color 0
		U0 0.968553
		V0 0.256037
		U1 0.000000
		V1 0.000000
	Vertex
		Position [ -7.813101 -3.083290 77.143799 ]
		Normal [ -0.724075 -0.433180 0.536723 ]
		Tangent [ 0.778429 -0.627723 0.003423 ]
		Color 0
		U0 0.192295
		V0 0.502981
		U1 0.000000
		V1 0.000000
	Vertex
		Position [ -10.124533 -1.566566 76.380020 ]
		Normal [ -0.848042 -0.401193 0.346222 ]
		Tangent [ 0.778429 -0.627723 0.003423 ]
		Color 0
		U0 0.187309
		V0 0.505475
		U1 0.000000
		V1 0.000000
	Vertex
		Position [ 43.665363 -1.159771 -13.231861 ]
		Normal [ -0.338505 0.938012 -0.074482 ]
		Tangent [ 0.987590 0.157041 0.001939 ]
