TXT
MeshData
	maxDiffuseMipLevel 0
	hasValidTangents TRUE
	BoundingRadius 162.988632
	MaxBoundingExtents [ 76.548157 45.253643 162.481003 ]
	MinBoundingExtents [ -76.548157 -20.205141 -141.916016 ]
	NumMaterials 1
	Material
		DiffuseTextureFileName "Human_CapitalSupport_Scorpion-cl.dds"
		SelfIlluminationTextureFileName "Human_CapitalSupport_Scorpion-da.dds"
		NormalTextureFileName "Human_CapitalSupport_Scorpion-nm.dds"
		DisplacementTextureFileName ""
		TeamColorTextureFileName ""
		Diffuse ffffffff
		Ambient ffffffff
		Specular ffffffff
		Emissive ffffffff
		Glossiness 9.999999
	NumPoints 79
	Point
		DataString "Weapon-1"
		Position [ 3.942654 7.514445 81.011925 ]
		Orientation
			 [ 1.000000 0.000000 0.000000 ]
			 [ 0.000000 0.707107 -0.707107 ]
			 [ 0.000000 0.707107 0.707107 ]
	Point
		DataString "Above"
		Position [ 0.000000 39.536331 -0.000006 ]
		Orientation
			 [ 1.000000 0.000000 0.000000 ]
			 [ 0.000000 1.000000 0.000000 ]
			 [ 0.000000 0.000000 1.000000 ]
	Point
		DataString "Aura"
		Position [ 0.000000 -41.038502 -0.000006 ]
		Orientation
			 [ 1.000000 0.000000 0.000000 ]
			 [ 0.000000 1.000000 0.000000 ]
			 [ 0.000000 0.000000 1.000000 ]
	Point
		DataString "Center"
		Position [ 0.000000 0.000000 -0.000000 ]
		Orientation
			 [ 1.000000 0.000000 0.000000 ]
			 [ 0.000000 1.000000 0.000000 ]
			 [ 0.000000 0.000000 1.000000 ]
	Point
		DataString "Weapon-1"
		Position [ -3.274343 7.519677 81.020462 ]
		Orientation
			 [ 1.000000 0.000000 0.000000 ]
			 [ 0.000000 0.779809 -0.626017 ]
			 [ 0.000000 0.626017 0.779809 ]
	Point
		DataString "Weapon-0"
		Position [ -22.239382 -4.810083 126.706116 ]
		Orientation
			 [ 1.000000 0.000000 0.000000 ]
			 [ 0.000000 1.000000 0.000000 ]
			 [ 0.000000 0.000000 1.000000 ]
	Point
		DataString "Weapon-0"
		Position [ 22.246372 -4.813257 126.468307 ]
		Orientation
			 [ 1.000000 0.000000 0.000000 ]
			 [ 0.000000 1.000000 0.000000 ]
			 [ 0.000000 0.000000 1.000000 ]
	Point
		DataString "Hangar"
		Position [ -36.382454 -11.588380 5.474545 ]
		Orientation
			 [ 1.000000 0.000000 0.000000 ]
			 [ 0.000000 1.000000 0.000000 ]
			 [ 0.000000 0.000000 1.000000 ]
	Point
		DataString "Hangar"
		Position [ -43.674404 -11.588403 5.706977 ]
		Orientation
			 [ 1.000000 0.000000 0.000000 ]
			 [ 0.000000 1.000000 0.000000 ]
			 [ 0.000000 0.000000 1.000000 ]
	Point
		DataString "Hangar"
		Position [ -50.265209 -11.591929 5.474555 ]
		Orientation
			 [ 1.000000 0.000000 0.000000 ]
			 [ 0.000000 1.000000 0.000000 ]
			 [ 0.000000 0.000000 1.000000 ]
	Point
		DataString "Hangar"
		Position [ 50.085732 -10.241550 4.334298 ]
		Orientation
			 [ 1.000000 0.000000 0.000000 ]
			 [ 0.000000 1.000000 0.000000 ]
			 [ 0.000000 0.000000 1.000000 ]
	Point
		DataString "Hangar"
		Position [ 42.793781 -10.241573 4.566730 ]
		Orientation
			 [ 1.000000 0.000000 0.000000 ]
			 [ 0.000000 1.000000 0.000000 ]
			 [ 0.000000 0.000000 1.000000 ]
	Point
		DataString "Hangar"
		Position [ 36.202976 -10.245100 4.334309 ]
		Orientation
			 [ 1.000000 0.000000 0.000000 ]
			 [ 0.000000 1.000000 0.000000 ]
			 [ 0.000000 0.000000 1.000000 ]
	Point
		DataString "Weapon-1"
		Position [ -3.257360 7.420005 67.354881 ]
		Orientation
			 [ 1.000000 0.000000 0.000000 ]
			 [ 0.000000 0.707107 -0.707107 ]
			 [ 0.000000 0.707107 0.707107 ]
	Point
		DataString "Weapon-1"
		Position [ 3.939877 7.466324 67.393974 ]
		Orientation
			 [ 1.000000 0.000000 0.000000 ]
			 [ 0.000000 0.707107 -0.707107 ]
			 [ 0.000000 0.707107 0.707107 ]
	Point
		DataString "Weapon-1"
		Position [ -3.257360 7.487168 51.389782 ]
		Orientation
			 [ 1.000000 0.000000 0.000000 ]
			 [ 0.000000 0.707107 -0.707107 ]
			 [ 0.000000 0.707107 0.707107 ]
	Point
		DataString "Weapon-1"
		Position [ 3.939872 7.476660 51.346985 ]
		Orientation
			 [ 1.000000 0.000000 0.000000 ]
			 [ 0.000000 0.707107 -0.707107 ]
			 [ 0.000000 0.707107 0.707107 ]
	Point
		DataString "Ability-0"
		Position [ -1.917019 -11.359543 153.087234 ]
		Orientation
			 [ 1.000000 0.000000 0.000000 ]
			 [ 0.000000 1.000000 0.000000 ]
			 [ 0.000000 0.000000 1.000000 ]
	Point
		DataString "Ability-0"
		Position [ 1.394217 -11.368978 153.084732 ]
		Orientation
			 [ 1.000000 0.000000 0.000000 ]
			 [ 0.000000 1.000000 0.000000 ]
			 [ 0.000000 0.000000 1.000000 ]
	Point
		DataString "Bomb"
		Position [ 0.000006 20.582912 32.615810 ]
		Orientation
			 [ 1.000000 0.000000 0.000000 ]
			 [ 0.000000 0.930873 -0.365344 ]
			 [ 0.000000 0.365344 0.930873 ]
	Point
		DataString "Bomb"
		Position [ 0.000003 20.582869 31.680487 ]
		Orientation
			 [ 1.000000 0.000000 0.000000 ]
			 [ 0.000000 0.551096 -0.834442 ]
			 [ 0.000000 0.834442 0.551096 ]
	Point
		DataString "Weapon-1"
		Position [ 3.939877 7.466324 38.474564 ]
		Orientation
			 [ 1.000000 0.000000 0.000000 ]
			 [ 0.000000 0.707107 -0.707107 ]
			 [ 0.000000 0.707107 0.707107 ]
	Point
		DataString "Weapon-1"
		Position [ -3.257360 7.420005 38.435482 ]
		Orientation
			 [ 1.000000 0.000000 0.000000 ]
			 [ 0.000000 0.707107 -0.707107 ]
			 [ 0.000000 0.707107 0.707107 ]
	Point
		DataString "Weapon-1"
		Position [ -3.257360 7.487168 22.470377 ]
		Orientation
			 [ 0.001508 0.000000 -0.999999 ]
			 [ -0.707106 0.707107 -0.001066 ]
			 [ 0.707106 0.707107 0.001066 ]
	Point
		DataString "Weapon-1"
		Position [ 3.939872 7.476682 22.427591 ]
		Orientation
			 [ -0.008911 0.000000 0.999960 ]
			 [ 0.707079 0.707107 0.006301 ]
			 [ -0.707079 0.707107 -0.006301 ]
	Point
		DataString "Weapon-1"
		Position [ 3.942654 7.514402 52.092514 ]
		Orientation
			 [ 0.032856 0.000000 -0.999460 ]
			 [ -0.706725 0.707107 -0.023233 ]
			 [ 0.706725 0.707107 0.023233 ]
	Point
		DataString "Weapon-1"
		Position [ -3.274343 7.519677 52.101067 ]
		Orientation
			 [ 0.041212 0.000000 0.999150 ]
			 [ 0.625485 0.779809 -0.025799 ]
			 [ -0.779147 0.626017 0.032137 ]
	Point
		DataString "Weapon-0"
		Position [ 61.183743 18.879391 -17.984138 ]
		Orientation
			 [ 1.000000 0.000000 0.000000 ]
			 [ 0.000000 1.000000 0.000000 ]
			 [ 0.000000 0.000000 1.000000 ]
	Point
		DataString "Weapon-0"
		Position [ -62.917080 18.879391 -17.984138 ]
		Orientation
			 [ 1.000000 0.000000 0.000000 ]
			 [ 0.000000 1.000000 0.000000 ]
			 [ 0.000000 0.000000 1.000000 ]
	Point
		DataString "Weapon-0"
		Position [ -62.917080 18.879391 -40.349342 ]
		Orientation
			 [ -0.999784 0.000000 -0.020806 ]
			 [ 0.000000 1.000000 0.000000 ]
			 [ 0.020806 0.000000 -0.999784 ]
	Point
		DataString "Weapon-0"
		Position [ 61.183743 18.879391 -40.349342 ]
		Orientation
			 [ -0.999956 0.000000 0.009397 ]
			 [ 0.000000 1.000000 0.000000 ]
			 [ -0.009397 0.000000 -0.999956 ]
	Point
		DataString "Weapon-0"
		Position [ 61.183743 18.879391 -40.349342 ]
		Orientation
			 [ -0.003678 0.000000 -0.999993 ]
			 [ 0.000000 1.000000 0.000000 ]
			 [ 0.999993 0.000000 -0.003678 ]
	Point
		DataString "Weapon-0"
		Position [ 61.183743 18.879391 -17.984138 ]
		Orientation
			 [ -0.003678 0.000000 -0.999993 ]
			 [ 0.000000 1.000000 0.000000 ]
			 [ 0.999993 0.000000 -0.003678 ]
	Point
		DataString "Weapon-0"
		Position [ -62.917080 18.879391 -17.984138 ]
		Orientation
			 [ 0.006408 0.000000 0.999979 ]
			 [ 0.000000 1.000000 0.000000 ]
			 [ -0.999979 0.000000 0.006408 ]
	Point
		DataString "Weapon-0"
		Position [ -62.917080 18.879391 -40.349342 ]
		Orientation
			 [ 0.006408 0.000000 0.999979 ]
			 [ 0.000000 1.000000 0.000000 ]
			 [ -0.999979 0.000000 0.006408 ]
	Point
		DataString "Weapon-0"
		Position [ 32.931938 18.879391 -15.155042 ]
		Orientation
			 [ 1.000000 0.000000 0.000000 ]
			 [ 0.000000 1.000000 0.000000 ]
			 [ 0.000000 0.000000 1.000000 ]
	Point
		DataString "Weapon-0"
		Position [ -33.419624 18.879391 -15.155042 ]
		Orientation
			 [ 1.000000 0.000000 0.000000 ]
			 [ 0.000000 1.000000 0.000000 ]
			 [ 0.000000 0.000000 1.000000 ]
	Point
		DataString "Weapon-0"
		Position [ -33.419624 18.879391 -52.581059 ]
		Orientation
			 [ -1.000000 0.000000 -0.000542 ]
			 [ 0.000000 1.000000 0.000000 ]
			 [ 0.000542 0.000000 -1.000000 ]
	Point
		DataString "Weapon-0"
		Position [ 32.931938 18.879391 -52.581059 ]
		Orientation
			 [ -1.000000 0.000000 -0.000542 ]
			 [ 0.000000 1.000000 0.000000 ]
			 [ 0.000542 0.000000 -1.000000 ]
	Point
		DataString "Weapon-0"
		Position [ -22.239382 -4.810083 126.706116 ]
		Orientation
			 [ 1.000000 0.000000 0.000000 ]
			 [ 0.000000 1.000000 0.000000 ]
			 [ 0.000000 0.000000 1.000000 ]
	Point
		DataString "Weapon-0"
		Position [ 22.246372 -4.813257 126.468307 ]
		Orientation
			 [ 1.000000 0.000000 0.000000 ]
			 [ 0.000000 1.000000 0.000000 ]
			 [ 0.000000 0.000000 1.000000 ]
	Point
		DataString "Bomb"
		Position [ 0.000006 20.582912 32.615810 ]
		Orientation
			 [ 1.000000 0.000000 0.000000 ]
			 [ 0.000000 0.930873 -0.365344 ]
			 [ 0.000000 0.365344 0.930873 ]
	Point
		DataString "Ability-2"
		Position [ 16.994497 21.671354 -26.298029 ]
		Orientation
			 [ 1.000000 0.000000 0.000000 ]
			 [ 0.000000 1.000000 0.000000 ]
			 [ -0.000000 0.000000 1.000000 ]
	Point
		DataString "Weapon-2"
		Position [ -22.239382 -4.810083 126.706116 ]
		Orientation
			 [ 1.000000 0.000000 0.000000 ]
			 [ 0.000000 1.000000 0.000000 ]
			 [ 0.000000 0.000000 1.000000 ]
	Point
		DataString "Weapon-2"
		Position [ 22.246372 -4.813257 126.468307 ]
		Orientation
			 [ 1.000000 0.000000 0.000000 ]
			 [ 0.000000 1.000000 0.000000 ]
			 [ 0.000000 0.000000 1.000000 ]
	Point
		DataString "Weapon-2"
		Position [ 61.183743 18.879391 -17.984138 ]
		Orientation
			 [ 1.000000 0.000000 0.000000 ]
			 [ 0.000000 1.000000 0.000000 ]
			 [ 0.000000 0.000000 1.000000 ]
	Point
		DataString "Weapon-2"
		Position [ -62.917080 18.879391 -17.984138 ]
		Orientation
			 [ 1.000000 0.000000 0.000000 ]
			 [ 0.000000 1.000000 0.000000 ]
			 [ 0.000000 0.000000 1.000000 ]
	Point
		DataString "Weapon-2"
		Position [ -62.917080 18.879391 -40.349342 ]
		Orientation
			 [ -0.999784 0.000000 -0.020806 ]
			 [ 0.000000 1.000000 0.000000 ]
			 [ 0.020806 0.000000 -0.999784 ]
	Point
		DataString "Weapon-2"
		Position [ 61.183743 18.879391 -40.349342 ]
		Orientation
			 [ -0.999956 0.000000 0.009397 ]
			 [ 0.000000 1.000000 0.000000 ]
			 [ -0.009397 0.000000 -0.999956 ]
	Point
		DataString "Weapon-2"
		Position [ 61.183743 18.879391 -40.349342 ]
		Orientation
			 [ -0.003678 0.000000 -0.999993 ]
			 [ 0.000000 1.000000 0.000000 ]
			 [ 0.999993 0.000000 -0.003678 ]
	Point
		DataString "Weapon-2"
		Position [ 61.183743 18.879391 -17.984138 ]
		Orientation
			 [ -0.003678 0.000000 -0.999993 ]
			 [ 0.000000 1.000000 0.000000 ]
			 [ 0.999993 0.000000 -0.003678 ]
	Point
		DataString "Weapon-2"
		Position [ -62.917080 18.879391 -17.984138 ]
		Orientation
			 [ 0.006408 0.000000 0.999979 ]
			 [ 0.000000 1.000000 0.000000 ]
			 [ -0.999979 0.000000 0.006408 ]
	Point
		DataString "Weapon-2"
		Position [ -62.917080 18.879391 -40.349342 ]
		Orientation
			 [ 0.006408 0.000000 0.999979 ]
			 [ 0.000000 1.000000 0.000000 ]
			 [ -0.999979 0.000000 0.006408 ]
	Point
		DataString "Weapon-2"
		Position [ 32.931938 18.879391 -15.155042 ]
		Orientation
			 [ 1.000000 0.000000 0.000000 ]
			 [ 0.000000 1.000000 0.000000 ]
			 [ 0.000000 0.000000 1.000000 ]
	Point
		DataString "Weapon-2"
		Position [ -33.419624 18.879391 -15.155042 ]
		Orientation
			 [ 1.000000 0.000000 0.000000 ]
			 [ 0.000000 1.000000 0.000000 ]
			 [ 0.000000 0.000000 1.000000 ]
	Point
		DataString "Weapon-2"
		Position [ -33.419624 18.879391 -52.581059 ]
		Orientation
			 [ -1.000000 0.000000 -0.000542 ]
			 [ 0.000000 1.000000 0.000000 ]
			 [ 0.000542 0.000000 -1.000000 ]
	Point
		DataString "Weapon-2"
		Position [ 32.931938 18.879391 -52.581059 ]
		Orientation
			 [ -1.000000 0.000000 -0.000542 ]
			 [ 0.000000 1.000000 0.000000 ]
			 [ 0.000542 0.000000 -1.000000 ]
	Point
		DataString "Weapon-2"
		Position [ -22.239382 -4.810083 126.706116 ]
		Orientation
			 [ 1.000000 0.000000 0.000000 ]
			 [ 0.000000 1.000000 0.000000 ]
			 [ 0.000000 0.000000 1.000000 ]
	Point
		DataString "Weapon-2"
		Position [ 22.246372 -4.813257 126.468307 ]
		Orientation
			 [ 1.000000 0.000000 0.000000 ]
			 [ 0.000000 1.000000 0.000000 ]
			 [ 0.000000 0.000000 1.000000 ]
	Point
		DataString "Weapon-1"
		Position [ 3.939877 7.466324 -116.818542 ]
		Orientation
			 [ 1.000000 0.000000 0.000000 ]
			 [ 0.000000 -0.699298 -0.714830 ]
			 [ 0.000000 0.714830 -0.699298 ]
	Point
		DataString "Weapon-1"
		Position [ -3.257360 7.420005 -116.857620 ]
		Orientation
			 [ 1.000000 0.000000 0.000000 ]
			 [ 0.000000 -0.699298 -0.714830 ]
			 [ 0.000000 0.714830 -0.699298 ]
	Point
		DataString "Weapon-1"
		Position [ -3.257360 7.487168 -132.822723 ]
		Orientation
			 [ 1.000000 0.000000 0.000000 ]
			 [ 0.000000 -0.699298 -0.714830 ]
			 [ 0.000000 0.714830 -0.699298 ]
	Point
		DataString "Weapon-1"
		Position [ 3.939872 7.476682 -132.865509 ]
		Orientation
			 [ 1.000000 0.000000 0.000000 ]
			 [ 0.000000 -0.699298 -0.714830 ]
			 [ 0.000000 0.714830 -0.699298 ]
	Point
		DataString "Weapon-1"
		Position [ 3.942654 7.514402 -103.200592 ]
		Orientation
			 [ 1.000000 0.000000 0.000000 ]
			 [ 0.000000 -0.699298 -0.714830 ]
			 [ 0.000000 0.714830 -0.699298 ]
	Point
		DataString "Weapon-1"
		Position [ -3.274343 7.519677 -103.192039 ]
		Orientation
			 [ 1.000000 0.000000 0.000000 ]
			 [ 0.000000 -0.617415 -0.786638 ]
			 [ 0.000000 0.786638 -0.617415 ]
	Point
		DataString "Weapon-1"
		Position [ -3.257360 7.420005 -87.938225 ]
		Orientation
			 [ 0.066753 0.000000 0.997770 ]
			 [ 0.705530 0.707107 -0.047201 ]
			 [ -0.705530 0.707107 0.047201 ]
	Point
		DataString "Weapon-1"
		Position [ 3.939877 7.466324 -87.899132 ]
		Orientation
			 [ 0.060694 0.000000 -0.998156 ]
			 [ -0.705803 0.707107 -0.042917 ]
			 [ 0.705803 0.707107 0.042917 ]
	Point
		DataString "Weapon-1"
		Position [ -3.257360 7.487168 -103.903320 ]
		Orientation
			 [ 0.098222 0.000000 -0.995165 ]
			 [ -0.703687 0.707107 -0.069453 ]
			 [ 0.703688 0.707107 0.069453 ]
	Point
		DataString "Weapon-1"
		Position [ 3.939872 7.476660 -103.946121 ]
		Orientation
			 [ 0.058696 0.000000 0.998276 ]
			 [ 0.705887 0.707107 -0.041504 ]
			 [ -0.705888 0.707107 0.041504 ]
	Point
		DataString "Ability-2"
		Position [ -17.812300 21.671354 -26.298029 ]
		Orientation
			 [ 1.000000 0.000000 0.000000 ]
			 [ 0.000000 1.000000 0.000000 ]
			 [ -0.000000 0.000000 1.000000 ]
	Point
		DataString "Ability-2"
		Position [ -17.812300 21.671354 -47.647835 ]
		Orientation
			 [ -0.999188 0.025303 0.031369 ]
			 [ 0.038911 0.808417 0.587323 ]
			 [ -0.010498 0.588067 -0.808744 ]
	Point
		DataString "Ability-2"
		Position [ 16.994497 21.671354 -47.647835 ]
		Orientation
			 [ -0.999188 0.025303 0.031369 ]
			 [ 0.038911 0.808417 0.587323 ]
			 [ -0.010498 0.588067 -0.808744 ]
	Point
		DataString "Ability-2"
		Position [ 16.994497 21.671354 -26.298029 ]
		Orientation
			 [ 1.000000 0.000000 0.000000 ]
			 [ 0.000000 0.874781 -0.484518 ]
			 [ -0.000000 0.484518 0.874781 ]
	Point
		DataString "Ability-2"
		Position [ -17.812300 21.671354 -26.298029 ]
		Orientation
			 [ 1.000000 0.000000 0.000000 ]
			 [ 0.000000 0.874781 -0.484518 ]
			 [ -0.000000 0.484518 0.874781 ]
	Point
		DataString "Ability-2"
		Position [ -42.102867 21.671354 -26.298029 ]
		Orientation
			 [ -0.030841 0.040919 0.998686 ]
			 [ -0.025356 0.998808 -0.041707 ]
			 [ -0.999203 -0.026609 -0.029766 ]
	Point
		DataString "Ability-2"
		Position [ -42.102867 21.671354 -40.264965 ]
		Orientation
			 [ -0.030841 0.040919 0.998686 ]
			 [ -0.025356 0.998808 -0.041707 ]
			 [ -0.999203 -0.026609 -0.029766 ]
	Point
		DataString "Ability-2"
		Position [ 42.284435 21.671354 -40.264965 ]
		Orientation
			 [ 0.015704 0.000000 -0.999877 ]
			 [ -0.000001 1.000000 -0.000000 ]
			 [ 0.999877 0.000001 0.015704 ]
	Point
		DataString "Ability-4"
		Position [ 42.284435 21.671354 -26.298029 ]
		Orientation
			 [ 0.015704 0.000000 -0.999877 ]
			 [ -0.000001 1.000000 -0.000000 ]
			 [ 0.999877 0.000001 0.015704 ]
	Point
		DataString "Weapon-3"
		Position [ 0.000038 -9.884750 163.811325 ]
		Orientation
			 [ 1.000000 0.000000 -0.000000 ]
			 [ 0.000000 1.000000 -0.000000 ]
			 [ -0.000000 -0.000000 1.000000 ]
	NumVertices 6867
	Vertex
		Position [ 7.472250 -9.332955 -136.294571 ]
		Normal [ 0.437595 -0.130007 -0.889724 ]
		Tangent [ 0.464412 0.000002 0.885619 ]
		Color 0
		U0 0.944402
		V0 0.337124
		U1 0.000000
		V1 0.000000
	Vertex
		Position [ 4.524405 -4.753361 -141.916016 ]
		Normal [ 0.313943 -0.166365 -0.934753 ]
		Tangent [ 0.464412 0.000002 0.885619 ]
		Color 0
		U0 0.934568
		V0 0.321846
		U1 0.000000
		V1 0.000000
	Vertex
		Position [ 7.472250 -6.819395 -136.294571 ]
		Normal [ 0.234539 -0.497147 -0.835366 ]
		Tangent [ 0.464412 0.000002 0.885619 ]
		Color 0
		U0 0.944402
		V0 0.328738
		U1 0.000000
		V1 0.000000
	Vertex
		Position [ 4.524405 -6.286633 -141.916016 ]
		Normal [ 0.347558 -0.256114 -0.902003 ]
		Tangent [ 0.464412 0.000008 0.885619 ]
		Color 0
		U0 0.934568
		V0 0.326961
		U1 0.000000
		V1 0.000000
	Vertex
		Position [ -4.524405 -6.286633 -141.916016 ]
		Normal [ -0.347558 -0.256114 -0.902003 ]
		Tangent [ 1.000000 0.000000 0.000000 ]
		Color 0
		U0 0.904380
		V0 0.326961
		U1 0.000000
		V1 0.000000
	Vertex
		Position [ -2.775317 -7.488984 -141.916016 ]
		Normal [ -0.149577 -0.419331 -0.895426 ]
		Tangent [ 1.000000 0.000000 0.000000 ]
		Color 0
		U0 0.910215
		V0 0.330972
		U1 0.000000
		V1 0.000000
	Vertex
		Position [ 2.775317 -7.488984 -141.916016 ]
		Normal [ 0.178839 -0.501364 -0.846552 ]
		Tangent [ 1.000000 0.000000 0.000000 ]
		Color 0
		U0 0.928733
		V0 0.330972
		U1 0.000000
		V1 0.000000
	Vertex
		Position [ 0.000000 -8.093964 -141.916016 ]
		Normal [ 0.000000 -0.585684 -0.810540 ]
		Tangent [ 1.000000 0.000000 0.000000 ]
		Color 0
		U0 0.919474
		V0 0.332990
		U1 0.000000
		V1 0.000000
	Vertex
		Position [ 0.000000 -12.307823 -136.294571 ]
		Normal [ 0.000000 -0.506781 -0.862075 ]
		Tangent [ 0.960227 -0.000012 -0.279220 ]
		Color 0
		U0 0.919474
		V0 0.347048
		U1 0.000000
		V1 0.000000
	Vertex
		Position [ -4.604892 -11.304024 -136.294571 ]
		Normal [ -0.202435 -0.395294 -0.895970 ]
		Tangent [ 0.960221 0.000006 -0.279241 ]
		Color 0
		U0 0.904112
		V0 0.343699
		U1 0.000000
		V1 0.000000
	Vertex
		Position [ -7.472250 -9.332955 -136.294571 ]
		Normal [ -0.437595 -0.130007 -0.889724 ]
		Tangent [ 0.795483 -0.000003 -0.605976 ]
		Color 0
		U0 0.894546
		V0 0.337124
		U1 0.000000
		V1 0.000000
	Vertex
		Position [ -4.524405 -4.753361 -141.916016 ]
		Normal [ -0.375219 -0.198836 -0.905359 ]
		Tangent [ 0.464412 -0.000008 -0.885619 ]
		Color 0
		U0 0.904380
		V0 0.321846
		U1 0.000000
		V1 0.000000
	Vertex
		Position [ -7.472250 -6.819395 -136.294571 ]
		Normal [ -0.190701 -0.404225 -0.894558 ]
		Tangent [ 0.464412 -0.000002 -0.885619 ]
		Color 0
		U0 0.894546
		V0 0.328738
		U1 0.000000
		V1 0.000000
	Vertex
		Position [ -8.965310 -4.753361 -141.916016 ]
		Normal [ -0.293928 -0.395951 -0.869959 ]
		Tangent [ 1.000000 0.000000 0.000000 ]
		Color 0
		U0 0.889565
		V0 0.321846
		U1 0.000000
		V1 0.000000
	Vertex
		Position [ -14.752422 -6.819395 -136.294571 ]
		Normal [ -0.164832 -0.222046 -0.961002 ]
		Tangent [ 1.000000 0.000000 0.000000 ]
		Color 0
		U0 0.870259
		V0 0.328738
		U1 0.000000
		V1 0.000000
	Vertex
		Position [ -14.752422 -5.399564 -136.294571 ]
		Normal [ -0.456852 0.088136 -0.885166 ]
		Tangent [ 0.717299 -0.000003 -0.696765 ]
		Color 0
		U0 0.870259
		V0 0.324002
		U1 0.000000
		V1 0.000000
	Vertex
		Position [ -8.965310 -3.887264 -141.916016 ]
		Normal [ -0.384418 0.148816 -0.911086 ]
		Tangent [ 0.717299 -0.000001 -0.696765 ]
		Color 0
		U0 0.889565
		V0 0.318956
		U1 0.000000
		V1 0.000000
	Vertex
		Position [ 8.965310 -3.887264 -141.916016 ]
		Normal [ 0.213916 0.062006 -0.974882 ]
		Tangent [ 1.000000 0.000000 0.000000 ]
		Color 0
		U0 0.949383
		V0 0.318956
		U1 0.000000
		V1 0.000000
	Vertex
		Position [ 8.965310 -4.753361 -141.916016 ]
		Normal [ 0.357097 -0.481047 -0.800672 ]
		Tangent [ 1.000000 0.000000 0.000000 ]
		Color 0
		U0 0.949383
		V0 0.321846
		U1 0.000000
		V1 0.000000
	Vertex
		Position [ 14.752422 -6.819395 -136.294571 ]
		Normal [ 0.134110 -0.180660 -0.974360 ]
		Tangent [ 1.000000 0.000000 0.000000 ]
		Color 0
		U0 0.968689
		V0 0.328738
		U1 0.000000
		V1 0.000000
	Vertex
		Position [ 9.179347 -8.526492 -136.294571 ]
		Normal [ 0.000000 0.000000 -1.000000 ]
		Tangent [ 1.000000 0.000000 0.000000 ]
		Color 0
		U0 0.950097
		V0 0.334433
		U1 0.000000
		V1 0.000000
	Vertex
		Position [ 9.179347 -10.231003 -136.294571 ]
		Normal [ 0.000000 0.000000 -1.000000 ]
		Tangent [ 1.000000 0.000006 0.000000 ]
		Color 0
		U0 0.950097
		V0 0.340120
		U1 0.000000
		V1 0.000000
	Vertex
		Position [ 4.604892 -11.304024 -136.294571 ]
		Normal [ 0.202435 -0.395294 -0.895970 ]
		Tangent [ 1.000000 0.000004 0.000000 ]
		Color 0
		U0 0.934836
		V0 0.343699
		U1 0.000000
		V1 0.000000
	Vertex
		Position [ 5.295832 -12.900594 -136.294571 ]
		Normal [ 0.000000 0.000000 -1.000000 ]
		Tangent [ 1.000000 0.000006 0.000000 ]
		Color 0
		U0 0.937141
		V0 0.349025
		U1 0.000000
		V1 0.000000
	Vertex
		Position [ -5.295832 -12.900594 -136.294571 ]
		Normal [ 0.000000 0.000000 -1.000000 ]
		Tangent [ 1.000000 0.000000 0.000000 ]
		Color 0
		U0 0.901807
		V0 0.349025
		U1 0.000000
		V1 0.000000
	Vertex
		Position [ 0.000000 -14.055010 -136.294571 ]
		Normal [ 0.000000 0.000000 -1.000000 ]
		Tangent [ 1.000000 0.000000 0.000000 ]
		Color 0
		U0 0.919474
		V0 0.352877
		U1 0.000000
		V1 0.000000
	Vertex
		Position [ 0.000000 -14.055010 -105.845848 ]
		Normal [ -0.000000 -1.000000 0.000000 ]
		Tangent [ -0.977056 0.212984 0.000000 ]
		Color 0
		U0 0.829502
		V0 0.616487
		U1 0.000000
		V1 0.000000
	Vertex
		Position [ -5.295832 -12.900594 -136.294571 ]
		Normal [ -0.336409 -0.941716 0.000000 ]
		Tangent [ -0.977056 0.212984 0.000000 ]
		Color 0
		U0 0.846827
		V0 0.682465
		U1 0.000000
		V1 0.000000
	Vertex
		Position [ 0.000000 -14.055010 -136.294571 ]
		Normal [ 0.000000 -1.000000 0.000000 ]
		Tangent [ -0.977056 0.212984 0.000000 ]
		Color 0
		U0 0.829502
		V0 0.682465
		U1 0.000000
		V1 0.000000
	Vertex
		Position [ -5.295832 -12.900594 -104.691437 ]
		Normal [ -0.456233 -0.889860 0.000000 ]
		Tangent [ -0.977056 0.212984 0.000008 ]
		Color 0
		U0 0.846827
		V0 0.613985
		U1 0.000000
		V1 0.000000
	Vertex
		Position [ -9.179347 -10.231003 -136.294571 ]
		Normal [ -0.791294 -0.611436 0.000000 ]
		Tangent [ -0.824074 0.566482 0.000000 ]
		Color 0
		U0 0.861890
		V0 0.682465
		U1 0.000000
		V1 0.000000
	Vertex
		Position [ -9.179347 -10.231003 -102.021843 ]
		Normal [ -0.952122 -0.305718 0.000000 ]
		Tangent [ -0.824074 0.566482 0.000000 ]
		Color 0
		U0 0.861890
		V0 0.608200
		U1 0.000000
		V1 0.000000
	Vertex
		Position [ -9.179347 -8.526492 -136.294571 ]
		Normal [ -0.894427 -0.447214 0.000000 ]
		Tangent [ 0.000000 1.000000 0.000000 ]
		Color 0
		U0 0.866083
		V0 0.682465
		U1 0.000000
		V1 0.000000
	Vertex
		Position [ -9.179347 -8.526492 -100.317329 ]
		Normal [ -0.316228 -0.948683 0.000000 ]
		Tangent [ 0.000000 1.000000 -0.000027 ]
		Color 0
		U0 0.866083
		V0 0.604507
		U1 0.000000
		V1 0.000000
	Vertex
		Position [ -16.459520 -8.526492 -136.294571 ]
		Normal [ -0.707107 -0.707107 0.000000 ]
		Tangent [ -1.000000 0.000000 0.000000 ]
		Color 0
		U0 0.876796
		V0 0.682465
		U1 0.000000
		V1 0.000000
	Vertex
		Position [ -16.459520 -8.526492 -100.495995 ]
		Normal [ -0.316228 -0.948683 0.000000 ]
		Tangent [ -1.000000 0.000000 0.000007 ]
		Color 0
		U0 0.876796
		V0 0.604894
		U1 0.000000
		V1 0.000000
	Vertex
		Position [ -16.459520 -8.526492 -134.224655 ]
		Normal [ -0.707107 -0.707107 0.000000 ]
		Tangent [ 1.000000 0.000000 0.000000 ]
		Color 0
		U0 0.876796
		V0 0.677980
		U1 0.000000
		V1 0.000000
	Vertex
		Position [ -16.459520 -4.938546 -134.224655 ]
		Normal [ -0.984902 0.173113 0.000000 ]
		Tangent [ 0.000000 1.000000 0.000000 ]
		Color 0
		U0 0.884834
		V0 0.677980
		U1 0.000000
		V1 0.000000
	Vertex
		Position [ -16.459520 -4.938546 -136.294571 ]
		Normal [ -0.938151 0.346226 0.000000 ]
		Tangent [ 0.000000 1.000000 0.000000 ]
		Color 0
		U0 0.884834
		V0 0.682465
		U1 0.000000
		V1 0.000000
	Vertex
		Position [ -16.459520 -8.526492 -136.294571 ]
		Normal [ 0.000000 0.000000 -1.000000 ]
		Tangent [ 1.000000 0.000005 0.000000 ]
		Color 0
		U0 0.864564
		V0 0.334433
		U1 0.000000
		V1 0.000000
	Vertex
		Position [ -16.459520 -4.938546 -136.294571 ]
		Normal [ 0.000000 0.000000 -1.000000 ]
		Tangent [ 1.000000 0.000005 0.000000 ]
		Color 0
		U0 0.864564
		V0 0.322464
		U1 0.000000
		V1 0.000000
	Vertex
		Position [ -9.179347 -8.526492 -136.294571 ]
		Normal [ 0.000000 0.000000 -1.000000 ]
		Tangent [ 1.000000 0.000000 0.000000 ]
		Color 0
		U0 0.888851
		V0 0.334433
		U1 0.000000
		V1 0.000000
	Vertex
		Position [ -9.179347 -10.231003 -136.294571 ]
		Normal [ 0.000000 0.000000 -1.000000 ]
		Tangent [ 1.000000 -0.000006 0.000000 ]
		Color 0
		U0 0.888851
		V0 0.340120
		U1 0.000000
		V1 0.000000
	Vertex
		Position [ -6.198263 9.282900 -136.294571 ]
		Normal [ -0.197732 0.344537 -0.917712 ]
		Tangent [ 1.000000 0.000016 0.000000 ]
		Color 0
		U0 0.898796
		V0 0.275020
		U1 0.000000
		V1 0.000000
	Vertex
		Position [ -3.747273 5.069039 -141.916016 ]
		Normal [ -0.265159 0.462025 -0.846300 ]
		Tangent [ 0.657537 -0.000001 -0.753422 ]
		Color 0
		U0 0.906973
		V0 0.289078
		U1 0.000000
		V1 0.000000
	Vertex
		Position [ 3.747273 5.069039 -141.916016 ]
		Normal [ 0.265159 0.462025 -0.846300 ]
		Tangent [ 1.000000 0.000000 0.000000 ]
		Color 0
		U0 0.931975
		V0 0.289078
		U1 0.000000
		V1 0.000000
	Vertex
		Position [ 14.752422 -5.399564 -136.294571 ]
		Normal [ 0.507556 0.147120 -0.848966 ]
		Tangent [ 0.657536 0.000004 0.753423 ]
		Color 0
		U0 0.968689
		V0 0.324002
		U1 0.000000
		V1 0.000000
	Vertex
		Position [ 6.198263 9.282900 -136.294571 ]
		Normal [ 0.155921 0.271684 -0.949672 ]
		Tangent [ 0.657537 0.000002 0.753422 ]
		Color 0
		U0 0.940152
		V0 0.275020
		U1 0.000000
		V1 0.000000
	Vertex
		Position [ 16.459520 -4.938546 -136.294571 ]
		Normal [ 0.000000 0.000000 -1.000000 ]
		Tangent [ 1.000000 -0.000016 0.000000 ]
		Color 0
		U0 0.974384
		V0 0.322464
		U1 0.000000
		V1 0.000000
	Vertex
		Position [ 16.459520 -8.526492 -136.294571 ]
		Normal [ 0.000000 0.000000 -1.000000 ]
		Tangent [ 1.000000 -0.000005 0.000000 ]
		Color 0
		U0 0.974384
		V0 0.334433
		U1 0.000000
		V1 0.000000
	Vertex
		Position [ 16.459520 -8.526492 -136.294571 ]
		Normal [ 0.447214 -0.894427 0.000000 ]
		Tangent [ -1.000000 0.000000 0.000000 ]
		Color 0
		U0 0.782207
		V0 0.682465
		U1 0.000000
		V1 0.000000
	Vertex
		Position [ 9.179347 -8.526492 -100.317329 ]
		Normal [ 0.316228 -0.948683 0.000000 ]
		Tangent [ -1.000000 0.000000 0.000000 ]
		Color 0
		U0 0.792921
		V0 0.604507
		U1 0.000000
		V1 0.000000
	Vertex
		Position [ 9.179347 -8.526492 -136.294571 ]
		Normal [ 0.894427 -0.447214 0.000000 ]
		Tangent [ -1.000000 0.000000 0.000000 ]
		Color 0
		U0 0.792921
		V0 0.682465
		U1 0.000000
		V1 0.000000
	Vertex
		Position [ 16.459520 -8.526492 -100.495995 ]
		Normal [ 0.554700 -0.832050 0.000000 ]
		Tangent [ -1.000000 0.000000 -0.000007 ]
		Color 0
		U0 0.782207
		V0 0.604894
		U1 0.000000
		V1 0.000000
	Vertex
		Position [ 17.583807 -8.526492 -100.317329 ]
		Normal [ 0.707107 -0.707107 0.000000 ]
		Tangent [ -1.000000 0.000000 0.000000 ]
		Color 0
		U0 0.781191
		V0 0.604507
		U1 0.000000
		V1 0.000000
	Vertex
		Position [ 17.583807 -8.526492 -100.495995 ]
		Normal [ 0.707107 -0.707107 0.000000 ]
		Tangent [ -1.000000 0.000000 0.000000 ]
		Color 0
		U0 0.781191
		V0 0.604894
		U1 0.000000
		V1 0.000000
	Vertex
		Position [ 17.583807 -4.938546 -100.495995 ]
		Normal [ 0.996157 0.087582 0.000000 ]
		Tangent [ 0.000000 -1.000000 0.000000 ]
		Color 0
		U0 0.773564
		V0 0.604894
		U1 0.000000
		V1 0.000000
	Vertex
		Position [ 17.583807 -4.938546 -96.729385 ]
		Normal [ 0.984539 0.175163 0.000000 ]
		Tangent [ 0.000000 -1.000000 -0.000014 ]
		Color 0
		U0 0.773564
		V0 0.596732
		U1 0.000000
		V1 0.000000
	Vertex
		Position [ 22.399448 -4.107268 -95.898109 ]
		Normal [ -0.000000 0.707107 -0.707107 ]
		Tangent [ 1.000000 0.000003 0.000003 ]
		Color 0
		U0 0.996266
		V0 0.319940
		U1 0.000000
		V1 0.000000
	Vertex
		Position [ 17.583807 -8.526492 -100.317329 ]
		Normal [ -0.000000 0.707107 -0.707107 ]
		Tangent [ 1.000000 0.000003 0.000003 ]
		Color 0
		U0 0.979820
		V0 0.335032
		U1 0.000000
		V1 0.000000
	Vertex
		Position [ 17.583807 -4.938546 -96.729385 ]
		Normal [ -0.000000 0.707106 -0.707107 ]
		Tangent [ 1.000000 0.000003 0.000003 ]
		Color 0
		U0 0.979820
		V0 0.322779
		U1 0.000000
		V1 0.000000
	Vertex
		Position [ 22.399448 -12.726657 -104.517494 ]
		Normal [ 0.000000 0.707107 -0.707107 ]
		Tangent [ 1.000000 0.000007 0.000007 ]
		Color 0
		U0 0.996266
		V0 0.349377
		U1 0.000000
		V1 0.000000
	Vertex
		Position [ 9.179347 -10.231003 -102.021843 ]
		Normal [ 0.000000 0.707107 -0.707106 ]
		Tangent [ 1.000000 -0.000003 -0.000003 ]
		Color 0
		U0 0.951116
		V0 0.340854
		U1 0.000000
		V1 0.000000
	Vertex
		Position [ 5.295832 -12.900594 -104.691437 ]
		Normal [ 0.000000 0.707106 -0.707108 ]
		Tangent [ 1.000000 0.000000 0.000001 ]
		Color 0
		U0 0.937853
		V0 0.349971
		U1 0.000000
		V1 0.000000
	Vertex
		Position [ 0.000000 -14.055010 -105.845848 ]
		Normal [ 0.000000 0.707106 -0.707108 ]
		Tangent [ 1.000000 0.000000 0.000001 ]
		Color 0
		U0 0.919766
		V0 0.353914
		U1 0.000000
		V1 0.000000
	Vertex
		Position [ -11.502576 -16.921440 -108.712280 ]
		Normal [ -0.000006 0.707084 -0.707129 ]
		Tangent [ 1.000000 0.000000 0.000000 ]
		Color 0
		U0 0.880482
		V0 0.363703
		U1 0.000000
		V1 0.000000
	Vertex
		Position [ 11.502576 -16.921440 -108.712280 ]
		Normal [ 0.000009 0.707069 -0.707144 ]
		Tangent [ 1.000000 0.000000 0.000000 ]
		Color 0
		U0 0.959050
		V0 0.363703
		U1 0.000000
		V1 0.000000
	Vertex
		Position [ 0.000000 -18.325583 -110.116425 ]
		Normal [ 0.000000 0.707031 -0.707182 ]
		Tangent [ 1.000000 0.000000 0.000000 ]
		Color 0
		U0 0.919766
		V0 0.368499
		U1 0.000000
		V1 0.000000
	Vertex
		Position [ 0.000000 -18.337473 -110.128311 ]
		Normal [ 0.000000 0.706993 -0.707220 ]
		Tangent [ 1.000000 0.000232 0.000193 ]
		Color 0
		U0 0.919766
		V0 0.368539
		U1 0.000000
		V1 0.000000
	Vertex
		Position [ 0.000000 -18.337473 34.050892 ]
		Normal [ -0.041001 -0.999159 0.000000 ]
		Tangent [ -0.992508 0.122183 0.000001 ]
		Color 0
		U0 0.064899
		V0 0.651769
		U1 0.000000
		V1 0.000000
	Vertex
		Position [ -11.502576 -16.921440 -108.712280 ]
		Normal [ -0.202555 -0.979271 0.000000 ]
		Tangent [ -0.992508 0.122183 0.000001 ]
		Color 0
		U0 0.092024
		V0 0.988430
		U1 0.000000
		V1 0.000000
	Vertex
		Position [ 0.000000 -18.337473 -110.128311 ]
		Normal [ 0.041001 -0.999159 0.000000 ]
		Tangent [ -0.992508 0.122183 0.000001 ]
		Color 0
		U0 0.064899
		V0 0.991769
		U1 0.000000
		V1 0.000000
	Vertex
		Position [ -11.502576 -16.921440 32.634857 ]
		Normal [ -0.282108 -0.959383 0.000000 ]
		Tangent [ -0.992508 0.122183 0.000001 ]
		Color 0
		U0 0.092024
		V0 0.655109
		U1 0.000000
		V1 0.000000
	Vertex
		Position [ -22.399448 -12.726657 -104.517494 ]
		Normal [ -0.359253 -0.933240 0.000000 ]
		Tangent [ -0.933240 0.359254 -0.000004 ]
		Color 0
		U0 0.117721
		V0 0.978538
		U1 0.000000
		V1 0.000000
	Vertex
		Position [ -22.399448 -12.726657 28.440073 ]
		Normal [ -0.359253 -0.933240 0.000000 ]
		Tangent [ -0.933240 0.359254 0.000001 ]
		Color 0
		U0 0.117721
		V0 0.665001
		U1 0.000000
		V1 0.000000
	Vertex
		Position [ -22.399448 -12.726657 28.440073 ]
		Normal [ -1.000000 0.000000 0.000000 ]
		Tangent [ 1.000000 0.000000 0.000000 ]
		Color 0
		U0 0.117318
		V0 0.978564
		U1 0.000000
		V1 0.000000
	Vertex
		Position [ -22.399448 -12.725054 -0.798240 ]
		Normal [ -1.000000 0.000000 0.000000 ]
		Tangent [ 1.000000 0.000000 0.000000 ]
		Color 0
		U0 0.117318
		V0 0.909758
		U1 0.000000
		V1 0.000000
	Vertex
		Position [ -22.399448 -12.726657 -104.517494 ]
		Normal [ -1.000000 0.000000 0.000000 ]
		Tangent [ 1.000000 0.000000 0.000000 ]
		Color 0
		U0 0.117318
		V0 0.665679
		U1 0.000000
		V1 0.000000
	Vertex
		Position [ -22.399448 -12.725054 -0.798240 ]
		Normal [ -1.000000 0.000000 0.000000 ]
		Tangent [ 0.000000 -0.000001 -1.000000 ]
		Color 0
		U0 0.724552
		V0 0.771814
		U1 0.000000
		V1 0.000000
	Vertex
		Position [ -22.399448 -12.726657 28.440073 ]
		Normal [ -1.000000 0.000000 0.000000 ]
		Tangent [ 0.000000 -0.000001 -1.000000 ]
		Color 0
		U0 0.649783
		V0 0.771818
		U1 0.000000
		V1 0.000000
	Vertex
		Position [ -22.399448 -4.107268 19.820684 ]
		Normal [ -0.984902 0.173113 0.000000 ]
		Tangent [ 0.000000 -0.000001 -1.000000 ]
		Color 0
		U0 0.671825
		V0 0.749777
		U1 0.000000
		V1 0.000000
	Vertex
		Position [ -22.399448 -4.107268 -0.798240 ]
		Normal [ -0.938151 0.346226 -0.000000 ]
		Tangent [ 0.000000 0.000000 -1.000000 ]
		Color 0
		U0 0.724552
		V0 0.749777
		U1 0.000000
		V1 0.000000
	Vertex
		Position [ -11.156560 15.190162 0.523257 ]
		Normal [ -0.864051 0.503405 -0.000000 ]
		Tangent [ 0.000000 0.000000 -1.000000 ]
		Color 0
		U0 0.721173
		V0 0.700429
		U1 0.000000
		V1 0.000000
	Vertex
		Position [ -14.366139 9.681199 -0.798240 ]
		Normal [ -0.864051 0.503405 -0.000000 ]
		Tangent [ -0.000017 -0.000031 -1.000000 ]
		Color 0
		U0 0.724552
		V0 0.714516
		U1 0.000000
		V1 0.000000
	Vertex
		Position [ -25.333481 -3.314904 -0.798240 ]
		Normal [ 0.000000 0.000000 1.000000 ]
		Tangent [ 1.000000 0.000006 0.000000 ]
		Color 0
		U0 0.674900
		V0 0.091837
		U1 0.000000
		V1 0.000000
	Vertex
		Position [ -22.399448 -4.107268 -0.798240 ]
		Normal [ 0.000000 0.000000 1.000000 ]
		Tangent [ 1.000000 0.000006 0.000000 ]
		Color 0
		U0 0.683882
		V0 0.094263
		U1 0.000000
		V1 0.000000
	Vertex
		Position [ -14.366139 9.681199 -0.798240 ]
		Normal [ 0.000000 0.000000 1.000000 ]
		Tangent [ 1.000000 0.000006 0.000000 ]
		Color 0
		U0 0.708476
		V0 0.052050
		U1 0.000000
		V1 0.000000
	Vertex
		Position [ -25.333481 -11.464668 -0.798240 ]
		Normal [ 0.000000 0.000000 1.000000 ]
		Tangent [ 1.000000 0.000005 0.000000 ]
		Color 0
		U0 0.674900
		V0 0.116788
		U1 0.000000
		V1 0.000000
	Vertex
		Position [ -22.399448 -12.725054 -0.798240 ]
		Normal [ 0.000000 0.000000 1.000000 ]
		Tangent [ 1.000000 0.000006 0.000000 ]
		Color 0
		U0 0.683882
		V0 0.120646
		U1 0.000000
		V1 0.000000
	Vertex
		Position [ -31.450953 -17.271109 -0.798240 ]
		Normal [ 0.000000 0.000000 1.000000 ]
		Tangent [ 1.000000 0.000005 0.000000 ]
		Color 0
		U0 0.656171
		V0 0.134564
		U1 0.000000
		V1 0.000000
	Vertex
		Position [ -30.280222 -20.205141 -0.798240 ]
		Normal [ 0.000000 0.000000 1.000000 ]
		Tangent [ 1.000000 0.000004 0.000000 ]
		Color 0
		U0 0.659756
		V0 0.143546
		U1 0.000000
		V1 0.000000
	Vertex
		Position [ -58.630260 -17.271109 -0.798240 ]
		Normal [ 0.000000 0.000000 1.000000 ]
		Tangent [ 1.000000 0.000000 0.000000 ]
		Color 0
		U0 0.572964
		V0 0.134564
		U1 0.000000
		V1 0.000000
	Vertex
		Position [ -59.511730 -20.205141 -0.798240 ]
		Normal [ 0.000000 0.000000 1.000000 ]
		Tangent [ 1.000000 0.000000 0.000000 ]
		Color 0
		U0 0.570265
		V0 0.143546
		U1 0.000000
		V1 0.000000
	Vertex
		Position [ -65.140556 -16.487455 -0.798240 ]
		Normal [ 0.000000 0.000000 1.000000 ]
		Tangent [ 1.000000 0.000009 0.000000 ]
		Color 0
		U0 0.553033
		V0 0.132164
		U1 0.000000
		V1 0.000000
	Vertex
		Position [ -65.140556 -16.487455 -79.498451 ]
		Normal [ -0.551117 -0.834428 0.000000 ]
		Tangent [ 0.834428 -0.551117 0.000000 ]
		Color 0
		U0 0.884064
		V0 0.208523
		U1 0.000000
		V1 0.000000
	Vertex
		Position [ -59.511730 -20.205141 -0.798240 ]
		Normal [ -0.381725 -0.924276 0.000000 ]
		Tangent [ 0.834428 -0.551117 0.000000 ]
		Color 0
		U0 0.898754
		V0 0.003136
		U1 0.000000
		V1 0.000000
	Vertex
		Position [ -65.140556 -16.487455 -0.798240 ]
		Normal [ -0.551117 -0.834428 0.000000 ]
		Tangent [ 0.834428 -0.551117 0.000000 ]
		Color 0
		U0 0.884064
		V0 0.003136
		U1 0.000000
		V1 0.000000
	Vertex
		Position [ -59.511730 -20.205141 -79.498451 ]
		Normal [ -0.190862 -0.981617 0.000000 ]
		Tangent [ 0.834428 -0.551117 0.000000 ]
		Color 0
		U0 0.898754
		V0 0.208523
		U1 0.000000
		V1 0.000000
	Vertex
		Position [ -30.280222 -20.205141 -0.798240 ]
		Normal [ 0.244913 -0.969545 0.000000 ]
		Tangent [ 1.000000 0.000000 0.000000 ]
		Color 0
		U0 0.975041
		V0 0.003136
		U1 0.000000
		V1 0.000000
	Vertex
		Position [ -30.280222 -20.205141 -66.006989 ]
		Normal [ 0.489825 -0.871821 0.000000 ]
		Tangent [ 1.000000 0.000000 0.000000 ]
		Color 0
		U0 0.975041
		V0 0.173314
		U1 0.000000
		V1 0.000000
	Vertex
		Position [ -30.280222 -20.205141 -66.006989 ]
		Normal [ 0.000000 -1.000000 0.000000 ]
		Tangent [ 1.000000 0.000000 0.000000 ]
		Color 0
		U0 0.974803
		V0 0.173356
		U1 0.000000
		V1 0.000000
	Vertex
		Position [ -59.511730 -20.205141 -79.498451 ]
		Normal [ 0.000000 -1.000000 0.000000 ]
		Tangent [ 1.000000 0.000000 0.000000 ]
		Color 0
		U0 0.898734
		V0 0.208485
		U1 0.000000
		V1 0.000000
	Vertex
		Position [ -30.280222 -20.205141 -79.498451 ]
		Normal [ 0.000000 -1.000000 0.000000 ]
		Tangent [ 1.000000 0.000000 0.000000 ]
		Color 0
		U0 0.974803
		V0 0.208485
		U1 0.000000
		V1 0.000000
	Vertex
		Position [ -31.793713 -16.412104 -79.498451 ]
		Normal [ 0.928791 0.370604 0.000000 ]
		Tangent [ -0.370604 0.928791 0.000000 ]
		Color 0
		U0 0.639217
		V0 0.994065
		U1 0.000000
		V1 0.000000
	Vertex
		Position [ -30.280222 -20.205141 -66.006989 ]
		Normal [ 0.928791 0.370604 0.000000 ]
		Tangent [ -0.370604 0.928791 0.000000 ]
		Color 0
		U0 0.632642
		V0 0.964023
		U1 0.000000
		V1 0.000000
	Vertex
		Position [ -30.280222 -20.205141 -79.498451 ]
		Normal [ 0.928791 0.370604 0.000000 ]
		Tangent [ -0.370604 0.928791 0.000000 ]
		Color 0
		U0 0.632642
		V0 0.994065
		U1 0.000000
		V1 0.000000
	Vertex
		Position [ -31.793713 -16.412104 -66.006989 ]
		Normal [ 0.928791 0.370604 0.000000 ]
		Tangent [ -0.370604 0.928791 0.000000 ]
		Color 0
		U0 0.639217
		V0 0.964023
		U1 0.000000
		V1 0.000000
	Vertex
		Position [ -31.793713 -16.412104 -66.006989 ]
		Normal [ 0.000000 0.000000 -1.000000 ]
		Tangent [ 1.000000 -0.000001 0.000000 ]
		Color 0
		U0 0.655109
		V0 0.241217
		U1 0.000000
		V1 0.000000
	Vertex
		Position [ -22.399448 -12.725054 -66.006989 ]
		Normal [ 0.000000 0.000000 -1.000000 ]
		Tangent [ 1.000000 -0.000001 0.000000 ]
		Color 0
		U0 0.683869
		V0 0.229929
		U1 0.000000
		V1 0.000000
	Vertex
		Position [ -30.280222 -20.205141 -66.006989 ]
		Normal [ 0.000000 0.000000 -1.000000 ]
		Tangent [ 1.000000 -0.000001 0.000000 ]
		Color 0
		U0 0.659742
		V0 0.252829
		U1 0.000000
		V1 0.000000
	Vertex
		Position [ -58.372185 -16.412104 -66.006989 ]
		Normal [ 0.000000 0.000000 -1.000000 ]
		Tangent [ 1.000000 0.000000 0.000000 ]
		Color 0
		U0 0.573740
		V0 0.241217
		U1 0.000000
		V1 0.000000
	Vertex
		Position [ -38.150227 -14.126749 -66.006989 ]
		Normal [ 0.000000 0.000000 -1.000000 ]
		Tangent [ 1.000000 0.000009 0.000000 ]
		Color 0
		U0 0.635649
		V0 0.234220
		U1 0.000000
		V1 0.000000
	Vertex
		Position [ -33.730629 -11.575092 -66.006989 ]
		Normal [ 0.000000 0.000000 -1.000000 ]
		Tangent [ 1.000000 0.000003 0.000000 ]
		Color 0
		U0 0.649179
		V0 0.226408
		U1 0.000000
		V1 0.000000
	Vertex
		Position [ -22.399448 -12.721707 -66.006989 ]
		Normal [ 0.000000 0.000000 -1.000000 ]
		Tangent [ 1.000000 -0.000064 0.000000 ]
		Color 0
		U0 0.683869
		V0 0.229919
		U1 0.000000
		V1 0.000000
	Vertex
		Position [ -22.399448 -12.725054 -66.006989 ]
		Normal [ -1.000000 0.000000 0.000000 ]
		Tangent [ 1.000000 0.000000 0.000000 ]
		Color 0
		U0 0.117318
		V0 0.756304
		U1 0.000000
		V1 0.000000
	Vertex
		Position [ -22.399448 -12.721707 -66.006989 ]
		Normal [ -1.000000 0.000000 0.000000 ]
		Tangent [ 1.000000 0.000000 0.000000 ]
		Color 0
		U0 0.117318
		V0 0.756304
		U1 0.000000
		V1 0.000000
	Vertex
		Position [ -22.399448 -12.725054 -0.798240 ]
		Normal [ 0.688396 -0.725335 0.000000 ]
		Tangent [ 0.725305 0.688428 0.000000 ]
		Color 0
