TXT
MeshData
	maxDiffuseMipLevel 0
	hasValidTangents TRUE
	BoundingRadius 102.56712375
	MaxBoundingExtents [ 63.08205975 36.247278 102.1280025 ]
	MinBoundingExtents [ -63.2121045 -21.43275525 -79.09994925 ]
	NumMaterials 1
	Material
		DiffuseTextureFileName "Human_CruiserAntiModule_Phoenix-cl.dds"
		SelfIlluminationTextureFileName "Human_CruiserAntiModule_Phoenix-da.dds"
		NormalTextureFileName "Human_CruiserAntiModule_Phoenix-nm.dds"
		DisplacementTextureFileName ""
		TeamColorTextureFileName ""
		Diffuse ffffffff
		Ambient ffffffff
		Specular ffffffff
		Emissive ffffffff
		Glossiness 50.000000
	NumPoints 61
	Point
		DataString "Weapon-0"
		Position [ 15.885129 13.05216825 -2.424834 ]
		Orientation
			 [ 0.965926 0.000000 -0.258819 ]
			 [ -0.066987 0.965926 -0.250000 ]
			 [ 0.250000 0.258819 0.933013 ]
	Point
		DataString "Weapon-0"
		Position [ 5.42133 13.181475 -74.59877025 ]
		Orientation
			 [ -1.000000 0.000000 -0.000000 ]
			 [ -0.000000 0.965926 0.258819 ]
			 [ 0.000000 0.258819 -0.965926 ]
	Point
		DataString "Weapon-0"
		Position [ -6.0237765 13.128729 -74.44190025 ]
		Orientation
			 [ -1.000000 0.000000 -0.000000 ]
			 [ -0.000000 0.965926 0.258819 ]
			 [ 0.000000 0.258819 -0.965926 ]
	Point
		DataString "Weapon-1"
		Position [ -2.69488425 13.7290035 -0.888579 ]
		Orientation
			 [ 1.000000 0.000000 0.000000 ]
			 [ 0.000000 0.707107 -0.707107 ]
			 [ 0.000000 0.707107 0.707107 ]
	Point
		DataString "Weapon-1"
		Position [ 2.46569025 13.7400015 -0.89464725 ]
		Orientation
			 [ 1.000000 0.000000 0.000000 ]
			 [ 0.000000 0.707107 -0.707107 ]
			 [ 0.000000 0.707107 0.707107 ]
	Point
		DataString "Weapon-1"
		Position [ 2.55791475 13.65000075 11.0513655 ]
		Orientation
			 [ 1.000000 0.000000 0.000000 ]
			 [ 0.000000 0.707107 -0.707107 ]
			 [ 0.000000 0.707107 0.707107 ]
	Point
		DataString "Weapon-1"
		Position [ -2.7050415 13.66950825 11.072742 ]
		Orientation
			 [ 1.000000 0.000000 0.000000 ]
			 [ 0.000000 0.707107 -0.707107 ]
			 [ 0.000000 0.707107 0.707107 ]
	Point
		DataString "Weapon-1"
		Position [ 2.31858225 13.691427 -44.428422 ]
		Orientation
			 [ 1.000000 0.000000 0.000000 ]
			 [ 0.000000 0.707107 -0.707107 ]
			 [ 0.000000 0.707107 0.707107 ]
	Point
		DataString "Weapon-1"
		Position [ -2.94079125 13.744656 -44.42216775 ]
		Orientation
			 [ 1.000000 0.000000 0.000000 ]
			 [ 0.000000 0.707107 -0.707107 ]
			 [ 0.000000 0.707107 0.707107 ]
	Point
		DataString "Aura"
		Position [ 0.000000 54.0023115 0.000000 ]
		Orientation
			 [ 1.000000 0.000000 0.000000 ]
			 [ 0.000000 1.000000 0.000000 ]
			 [ 0.000000 0.000000 1.000000 ]
	Point
		DataString "Center"
		Position [ 0.000000 0 0.000000 ]
		Orientation
			 [ 1.000000 0.000000 0.000000 ]
			 [ 0.000000 1.000000 0.000000 ]
			 [ 0.000000 0.000000 1.000000 ]
	Point
		DataString "Exhaust"
		Position [ -7.9584 -7.73748525 -79.31820525 ]
		Orientation
			 [ -1.000000 0.000000 -0.000000 ]
			 [ 0.000000 1.000000 0.000000 ]
			 [ 0.000000 0.000000 -1.000000 ]
	Point
		DataString "Exhaust"
		Position [ 8.23785675 -7.73745 -79.31822775 ]
		Orientation
			 [ -1.000000 0.000000 -0.000000 ]
			 [ 0.000000 1.000000 0.000000 ]
			 [ 0.000000 0.000000 -1.000000 ]
	Point
		DataString "Exhaust"
		Position [ -31.9100505 -7.28867175 -75.75856575 ]
		Orientation
			 [ -1.000000 0.000000 -0.000000 ]
			 [ 0.000000 1.000000 0.000000 ]
			 [ 0.000000 0.000000 -1.000000 ]
	Point
		DataString "Exhaust"
		Position [ 32.2292745 -7.2886725 -75.758577 ]
		Orientation
			 [ -1.000000 0.000000 -0.000000 ]
			 [ 0.000000 1.000000 0.000000 ]
			 [ 0.000000 0.000000 -1.000000 ]
	Point
		DataString "Weapon-1"
		Position [ -2.8581855 13.7423415 -39.4389495 ]
		Orientation
			 [ 1.000000 0.000000 0.000000 ]
			 [ 0.000000 0.707107 -0.707107 ]
			 [ 0.000000 0.707107 0.707107 ]
	Point
		DataString "Weapon-1"
		Position [ 2.3044065 13.78253175 -39.26975475 ]
		Orientation
			 [ 1.000000 0.000000 0.000000 ]
			 [ 0.000000 0.707107 -0.707107 ]
			 [ 0.000000 0.707107 0.707107 ]
	Point
		DataString "Weapon-0"
		Position [ -22.7445915 13.03104 -15.896367 ]
		Orientation
			 [ 0.965926 0.000000 0.258819 ]
			 [ 0.066987 0.965926 -0.250000 ]
			 [ -0.250000 0.258819 0.933013 ]
	Point
		DataString "Hangar"
		Position [ 32.4582135 -6.95221575 -20.41413675 ]
		Orientation
			 [ 1.000000 0.000000 0.000000 ]
			 [ 0.000000 1.000000 0.000000 ]
			 [ 0.000000 0.000000 1.000000 ]
	Point
		DataString "Hangar"
		Position [ -32.42340675 -6.95221575 -20.4141315 ]
		Orientation
			 [ 1.000000 0.000000 0.000000 ]
			 [ 0.000000 1.000000 0.000000 ]
			 [ 0.000000 0.000000 1.000000 ]
	Point
		DataString "Weapon-0"
		Position [ 15.8281185 12.9648255 11.933829 ]
		Orientation
			 [ 0.965926 0.000000 -0.258819 ]
			 [ -0.066987 0.965926 -0.250000 ]
			 [ 0.250000 0.258819 0.933013 ]
	Point
		DataString "Weapon-0"
		Position [ -16.1665575 13.044585 11.99969475 ]
		Orientation
			 [ 0.965926 0.000000 0.258819 ]
			 [ 0.066987 0.965926 -0.250000 ]
			 [ -0.250000 0.258819 0.933013 ]
	Point
		DataString "Weapon-0"
		Position [ -16.20829125 13.02768225 -2.22395175 ]
		Orientation
			 [ 0.965926 0.000000 0.258819 ]
			 [ 0.066987 0.965926 -0.250000 ]
			 [ -0.250000 0.258819 0.933013 ]
	Point
		DataString "Weapon-0"
		Position [ -17.162985 -2.54818575 59.49476625 ]
		Orientation
			 [ 1.000000 0.000000 0.000000 ]
			 [ 0.000000 0.965926 -0.258819 ]
			 [ 0.000000 0.258819 0.965926 ]
	Point
		DataString "Weapon-0"
		Position [ 16.96863525 -2.54328675 58.9944645 ]
		Orientation
			 [ 1.000000 0.000000 0.000000 ]
			 [ 0.000000 0.965926 -0.258819 ]
			 [ 0.000000 0.258819 0.965926 ]
	Point
		DataString "Weapon-0"
		Position [ 22.3107645 13.01645025 -16.06677825 ]
		Orientation
			 [ 0.965926 0.000000 -0.258819 ]
			 [ -0.066987 0.965926 -0.250000 ]
			 [ 0.250000 0.258819 0.933013 ]
	Point
		DataString "Weapon-0"
		Position [ 11.318757 8.80400475 43.89150525 ]
		Orientation
			 [ 1.000000 0.000000 0.000000 ]
			 [ 0.000000 0.965926 -0.258819 ]
			 [ 0.000000 0.258819 0.965926 ]
	Point
		DataString "Weapon-0"
		Position [ -11.0394555 8.82043275 27.93285075 ]
		Orientation
			 [ 0.866025 0.000000 0.500000 ]
			 [ 0.129410 0.965926 -0.224144 ]
			 [ -0.482963 0.258819 0.836516 ]
	Point
		DataString "Weapon-0"
		Position [ -10.68710025 8.816994 57.87681225 ]
		Orientation
			 [ 1.000000 0.000000 0.000000 ]
			 [ 0.000000 0.965926 -0.258819 ]
			 [ 0.000000 0.258819 0.965926 ]
	Point
		DataString "Weapon-0"
		Position [ 11.47215225 8.76743925 27.64422525 ]
		Orientation
			 [ 0.866025 0.000000 -0.500000 ]
			 [ -0.129410 0.965926 -0.224144 ]
			 [ 0.482963 0.258819 0.836516 ]
	Point
		DataString "Weapon-0"
		Position [ 24.008268 -4.4513895 50.18411625 ]
		Orientation
			 [ 0.866025 0.500000 0.000000 ]
			 [ -0.482963 0.836516 -0.258819 ]
			 [ -0.129410 0.224144 0.965926 ]
	Point
		DataString "Weapon-0"
		Position [ -24.235371 -4.39249725 50.329668 ]
		Orientation
			 [ 0.866025 -0.500000 0.000000 ]
			 [ 0.482963 0.836516 -0.258819 ]
			 [ 0.129410 0.224144 0.965926 ]
	Point
		DataString "Weapon-0"
		Position [ -16.838871 13.03881 -74.673414 ]
		Orientation
			 [ -0.965926 0.000000 0.258819 ]
			 [ 0.066987 0.965926 0.250000 ]
			 [ -0.250000 0.258819 -0.933013 ]
	Point
		DataString "Weapon-0"
		Position [ 15.83443725 13.07231175 -74.61217125 ]
		Orientation
			 [ -0.965926 0.000000 -0.258819 ]
			 [ -0.066987 0.965926 0.250000 ]
			 [ 0.250000 0.258819 -0.933013 ]
	Point
		DataString "Weapon-0"
		Position [ -10.67338575 8.81266725 44.1485565 ]
		Orientation
			 [ 1.000000 0.000000 0.000000 ]
			 [ 0.000000 0.965926 -0.258819 ]
			 [ 0.000000 0.258819 0.965926 ]
	Point
		DataString "Weapon-0"
		Position [ 11.32427475 8.80036425 57.79855725 ]
		Orientation
			 [ 1.000000 0.000000 0.000000 ]
			 [ 0.000000 0.965926 -0.258819 ]
			 [ 0.000000 0.258819 0.965926 ]
	Point
		DataString "Above"
		Position [ 0.000000 46.592076 0.000000 ]
		Orientation
			 [ 1.000000 0.000000 0.000000 ]
			 [ 0.000000 1.000000 0.000000 ]
			 [ 0.000000 0.000000 1.000000 ]
	Point
		DataString "Bomb"
		Position [ -2.838552 13.6436445 -41.82712875 ]
		Orientation
			 [ 1.000000 0.000000 0.000000 ]
			 [ 0.000000 0.707107 -0.707107 ]
			 [ 0.000000 0.707107 0.707107 ]
	Point
		DataString "Ability-1"
		Position [ -2.562333 13.75832925 1.70389425 ]
		Orientation
			 [ 1.000000 0.000000 0.000000 ]
			 [ 0.000000 0.707107 -0.707107 ]
			 [ 0.000000 0.707107 0.707107 ]
	Point
		DataString "Bomb"
		Position [ 2.220189 13.6436445 -41.82712875 ]
		Orientation
			 [ 1.000000 0.000000 0.000000 ]
			 [ 0.000000 0.707107 -0.707107 ]
			 [ 0.000000 0.707107 0.707107 ]
	Point
		DataString "Ability-1"
		Position [ 2.493729 13.75832925 1.70389425 ]
		Orientation
			 [ 1.000000 0.000000 0.000000 ]
			 [ 0.000000 0.707107 -0.707107 ]
			 [ 0.000000 0.707107 0.707107 ]
	Point
		DataString "Weapon-2"
		Position [ -24.235371 -4.39249725 50.329668 ]
		Orientation
			 [ 0.866025 -0.500000 0.000000 ]
			 [ 0.482963 0.836516 -0.258819 ]
			 [ 0.129410 0.224144 0.965926 ]
	Point
		DataString "Weapon-2"
		Position [ -17.162985 -2.54818575 59.49476625 ]
		Orientation
			 [ 1.000000 0.000000 0.000000 ]
			 [ 0.000000 0.965926 -0.258819 ]
			 [ 0.000000 0.258819 0.965926 ]
	Point
		DataString "Weapon-2"
		Position [ -10.68710025 8.816994 57.87681225 ]
		Orientation
			 [ 1.000000 0.000000 0.000000 ]
			 [ 0.000000 0.965926 -0.258819 ]
			 [ 0.000000 0.258819 0.965926 ]
	Point
		DataString "Weapon-2"
		Position [ -10.67338575 8.81266725 44.1485565 ]
		Orientation
			 [ 1.000000 0.000000 0.000000 ]
			 [ 0.000000 0.965926 -0.258819 ]
			 [ 0.000000 0.258819 0.965926 ]
	Point
		DataString "Weapon-2"
		Position [ -11.0394555 8.82043275 27.93285075 ]
		Orientation
			 [ 0.866025 0.000000 0.500000 ]
			 [ 0.129410 0.965926 -0.224144 ]
			 [ -0.482963 0.258819 0.836516 ]
	Point
		DataString "Weapon-2"
		Position [ 11.32427475 8.80036425 57.79855725 ]
		Orientation
			 [ 1.000000 0.000000 0.000000 ]
			 [ 0.000000 0.965926 -0.258819 ]
			 [ 0.000000 0.258819 0.965926 ]
	Point
		DataString "Weapon-2"
		Position [ 11.318757 8.80400475 43.89150525 ]
		Orientation
			 [ 1.000000 0.000000 0.000000 ]
			 [ 0.000000 0.965926 -0.258819 ]
			 [ 0.000000 0.258819 0.965926 ]
	Point
		DataString "Weapon-2"
		Position [ 11.47215225 8.76743925 27.64422525 ]
		Orientation
			 [ 0.866025 0.000000 -0.500000 ]
			 [ -0.129410 0.965926 -0.224144 ]
			 [ 0.482963 0.258819 0.836516 ]
	Point
		DataString "Weapon-2"
		Position [ -16.1665575 13.044585 11.99969475 ]
		Orientation
			 [ 0.965926 0.000000 0.258819 ]
			 [ 0.066987 0.965926 -0.250000 ]
			 [ -0.250000 0.258819 0.933013 ]
	Point
		DataString "Weapon-2"
		Position [ 15.8281185 12.9648255 11.933829 ]
		Orientation
			 [ 0.965926 0.000000 -0.258819 ]
			 [ -0.066987 0.965926 -0.250000 ]
			 [ 0.250000 0.258819 0.933013 ]
	Point
		DataString "Weapon-2"
		Position [ 15.885129 13.05216825 -2.424834 ]
		Orientation
			 [ 0.965926 0.000000 -0.258819 ]
			 [ -0.066987 0.965926 -0.250000 ]
			 [ 0.250000 0.258819 0.933013 ]
	Point
		DataString "Weapon-2"
		Position [ -16.20829125 13.02768225 -2.22395175 ]
		Orientation
			 [ 0.965926 0.000000 0.258819 ]
			 [ 0.066987 0.965926 -0.250000 ]
			 [ -0.250000 0.258819 0.933013 ]
	Point
		DataString "Weapon-2"
		Position [ 24.008268 -4.4513895 50.18411625 ]
		Orientation
			 [ 0.866025 0.500000 0.000000 ]
			 [ -0.482963 0.836516 -0.258819 ]
			 [ -0.129410 0.224144 0.965926 ]
	Point
		DataString "Weapon-2"
		Position [ 16.96863525 -2.54328675 58.9944645 ]
		Orientation
			 [ 1.000000 0.000000 0.000000 ]
			 [ 0.000000 0.965926 -0.258819 ]
			 [ 0.000000 0.258819 0.965926 ]
	Point
		DataString "Weapon-2"
		Position [ 15.83443725 13.07231175 -74.61217125 ]
		Orientation
			 [ -0.965926 0.000000 -0.258819 ]
			 [ -0.066987 0.965926 0.250000 ]
			 [ 0.250000 0.258819 -0.933013 ]
	Point
		DataString "Weapon-2"
		Position [ 5.42133 13.181475 -74.59877025 ]
		Orientation
			 [ -1.000000 0.000000 -0.000000 ]
			 [ -0.000000 0.965926 0.258819 ]
			 [ 0.000000 0.258819 -0.965926 ]
	Point
		DataString "Weapon-2"
		Position [ -6.0237765 13.128729 -74.44190025 ]
		Orientation
			 [ -1.000000 0.000000 -0.000000 ]
			 [ -0.000000 0.965926 0.258819 ]
			 [ 0.000000 0.258819 -0.965926 ]
	Point
		DataString "Weapon-2"
		Position [ -16.838871 13.03881 -74.673414 ]
		Orientation
			 [ -0.965926 0.000000 0.258819 ]
			 [ 0.066987 0.965926 0.250000 ]
			 [ -0.250000 0.258819 -0.933013 ]
	Point
		DataString "Weapon-2"
		Position [ -22.7445915 13.03104 -15.896367 ]
		Orientation
			 [ 0.965926 0.000000 0.258819 ]
			 [ 0.066987 0.965926 -0.250000 ]
			 [ -0.250000 0.258819 0.933013 ]
	Point
		DataString "Weapon-2"
		Position [ 22.3107645 13.01645025 -16.06677825 ]
		Orientation
			 [ 0.965926 0.000000 -0.258819 ]
			 [ -0.066987 0.965926 -0.250000 ]
			 [ 0.250000 0.258819 0.933013 ]
	NumVertices 6129
	Vertex
		Position [ -2.56397925 -10.19852625 77.725536 ]
		Normal [ 0.000000 -0.282689 0.959212 ]
		Tangent [ 1.000000 0.000203 0.000060 ]
		Color 0
		U0 0.161203
		V0 0.468423
		U1 0.161203
		V1 0.468423
	Vertex
		Position [ -1.7652165 -9.58176075 77.725536 ]
		Normal [ 0.000000 -0.201845 0.979418 ]
		Tangent [ 1.000000 0.000212 0.000044 ]
		Color 0
		U0 0.162416
		V0 0.470478
		U1 0.162416
		V1 0.470478
	Vertex
		Position [ 1.635219 -9.58176075 77.725536 ]
		Normal [ 0.000000 -0.201845 0.979418 ]
		Tangent [ 1.000000 -0.000163 -0.000034 ]
		Color 0
		U0 0.167594
		V0 0.470478
		U1 0.167594
		V1 0.470478
	Vertex
		Position [ 2.4339825 -10.19852625 77.725536 ]
		Normal [ 0.000000 -0.282689 0.959212 ]
		Tangent [ 1.000000 -0.000156 -0.000046 ]
		Color 0
		U0 0.168816
		V0 0.468423
		U1 0.168816
		V1 0.468423
	Vertex
		Position [ -2.56397925 -7.51483125 77.725536 ]
		Normal [ 0.000000 -0.608860 0.793278 ]
		Tangent [ 1.000000 0.000278 0.000213 ]
		Color 0
		U0 0.161203
		V0 0.477374
		U1 0.161203
		V1 0.477374
	Vertex
		Position [ -1.7652165 -7.51483125 77.725536 ]
		Normal [ 0.000000 -0.608860 0.793278 ]
		Tangent [ 1.000000 0.000278 0.000213 ]
		Color 0
		U0 0.162416
		V0 0.477374
		U1 0.162416
		V1 0.477374
	Vertex
		Position [ -2.56397925 -10.19852625 77.725536 ]
		Normal [ -1.000000 0.000000 0.000000 ]
		Tangent [ 0.000000 0.000000 0.000000 ]
		Color 0
		U0 0.161203
		V0 0.468423
		U1 0.161203
		V1 0.468423
	Vertex
		Position [ -2.56398 -11.44690725 76.19218275 ]
		Normal [ -1.000000 0.000000 0.000000 ]
		Tangent [ 0.000000 0.000000 0.000000 ]
		Color 0
		U0 0.161203
		V0 0.464262
		U1 0.161203
		V1 0.464262
	Vertex
		Position [ -2.56397925 -7.51483125 77.725536 ]
		Normal [ -1.000000 0.000000 0.000000 ]
		Tangent [ 0.000000 0.000000 0.000000 ]
		Color 0
		U0 0.161203
		V0 0.477374
		U1 0.161203
		V1 0.477374
	Vertex
		Position [ -2.56398075 -11.4469065 72.06150075 ]
		Normal [ -1.000000 0.000000 0.000000 ]
		Tangent [ 0.000000 0.000000 0.000000 ]
		Color 0
		U0 0.161203
		V0 0.464262
		U1 0.161203
		V1 0.464262
	Vertex
		Position [ -2.56398075 -11.4469065 72.06150075 ]
		Normal [ 0.000000 -0.918153 0.396226 ]
		Tangent [ -1.000000 0.000000 0.000000 ]
		Color 0
		U0 0.472530
		V0 0.585778
		U1 0.472530
		V1 0.585778
	Vertex
		Position [ -14.058981 -4.27894125 82.38674925 ]
		Normal [ 0.000000 -0.750037 0.661396 ]
		Tangent [ -1.000000 0.000000 0.000000 ]
		Color 0
		U0 0.523314
		V0 0.530834
		U1 0.523314
		V1 0.530834
	Vertex
		Position [ -2.56397925 -7.51483125 77.725536 ]
		Normal [ 0.000000 -0.608860 0.793278 ]
		Tangent [ -1.000000 0.000000 0.000000 ]
		Color 0
		U0 0.472530
		V0 0.555638
		U1 0.472530
		V1 0.555638
	Vertex
		Position [ -1.7652165 -7.51483125 77.725536 ]
		Normal [ 0.000000 -0.608860 0.793278 ]
		Tangent [ -1.000000 0.000000 0.000000 ]
		Color 0
		U0 0.469001
		V0 0.555638
		U1 0.469001
		V1 0.555638
	Vertex
		Position [ -1.7652165 -5.49419025 80.6362155 ]
		Normal [ 0.000000 -0.750896 0.660421 ]
		Tangent [ -1.000000 0.000000 0.000000 ]
		Color 0
		U0 0.469001
		V0 0.540149
		U1 0.469001
		V1 0.540149
	Vertex
		Position [ 1.635219 -5.49419025 80.6362155 ]
		Normal [ 0.000000 -0.787702 0.616056 ]
		Tangent [ -1.000000 0.000000 0.000000 ]
		Color 0
		U0 0.453979
		V0 0.540149
		U1 0.453979
		V1 0.540149
	Vertex
		Position [ 13.928985 -4.27894125 82.38674925 ]
		Normal [ 0.000000 -0.627982 0.778228 ]
		Tangent [ -1.000000 0.000000 0.000000 ]
		Color 0
		U0 0.399666
		V0 0.530834
		U1 0.399666
		V1 0.530834
	Vertex
		Position [ 13.928982 -11.4469065 72.06150075 ]
		Normal [ 0.000000 -0.896629 0.442782 ]
		Tangent [ -1.000000 0.000000 0.000000 ]
		Color 0
		U0 0.399666
		V0 0.585778
		U1 0.399666
		V1 0.585778
	Vertex
		Position [ 2.4339825 -7.51483125 77.725536 ]
		Normal [ 0.000000 -0.672673 0.739940 ]
		Tangent [ -1.000000 0.000000 0.000000 ]
		Color 0
		U0 0.450450
		V0 0.555638
		U1 0.450450
		V1 0.555638
	Vertex
		Position [ 1.635219 -5.49419025 80.6362155 ]
		Normal [ 0.000000 -0.787702 0.616056 ]
		Tangent [ 1.000000 -0.000000 -0.000000 ]
		Color 0
		U0 0.167594
		V0 0.484104
		U1 0.167594
		V1 0.484104
	Vertex
		Position [ 2.4339825 -7.51483125 77.725536 ]
		Normal [ 0.000000 -0.672673 0.739940 ]
		Tangent [ 1.000000 -0.000093 -0.000085 ]
		Color 0
		U0 0.168816
		V0 0.477374
		U1 0.168816
		V1 0.477374
	Vertex
		Position [ 1.635219 -7.51483125 77.725536 ]
		Normal [ 0.000000 -0.463536 0.886078 ]
		Tangent [ 1.000000 -0.000134 -0.000070 ]
		Color 0
		U0 0.167594
		V0 0.477374
		U1 0.167594
		V1 0.477374
	Vertex
		Position [ 15.58740225 5.54884575 34.493088 ]
		Normal [ 0.092366 0.110034 0.989627 ]
		Tangent [ 0.997230 -0.000098 -0.074384 ]
		Color 0
		U0 0.994503
		V0 0.946199
		U1 0.994503
		V1 0.946199
	Vertex
		Position [ 15.58740225 3.621165 34.493091 ]
		Normal [ 0.061506 -0.146543 0.987290 ]
		Tangent [ 0.998912 0.000085 -0.046636 ]
		Color 0
		U0 0.994503
		V0 0.990932
		U1 0.994503
		V1 0.990932
	Vertex
		Position [ 15.32054325 3.84354675 34.54272375 ]
		Normal [ 0.123013 -0.073271 0.989696 ]
		Tangent [ 0.992365 0.000092 -0.123338 ]
		Color 0
		U0 0.988326
		V0 0.985772
		U1 0.988326
		V1 0.985772
	Vertex
		Position [ 15.32054325 5.326464 34.54272075 ]
		Normal [ 0.092365 0.110034 0.989627 ]
		Tangent [ 0.995674 -0.000122 -0.092916 ]
		Color 0
		U0 0.988326
		V0 0.951359
		U1 0.988326
		V1 0.951359
	Vertex
		Position [ 1.635219 -9.58176075 77.725536 ]
		Normal [ 0.000000 -0.201845 0.979418 ]
		Tangent [ -1.000000 0.000000 0.000000 ]
		Color 0
		U0 0.453979
		V0 0.559703
		U1 0.453979
		V1 0.559703
	Vertex
		Position [ -1.7652165 -9.58176075 77.725536 ]
		Normal [ 0.000000 -0.201845 0.979418 ]
		Tangent [ -1.000000 0.000000 0.000000 ]
		Color 0
		U0 0.469001
		V0 0.559703
		U1 0.469001
		V1 0.559703
	Vertex
		Position [ 6.34212375 -9.687327 -78.39545625 ]
		Normal [ -0.027364 -0.009177 -0.999583 ]
		Tangent [ 0.999625 -0.000913 -0.027357 ]
		Color 0
		U0 0.174761
		V0 0.470129
		U1 0.174761
		V1 0.470129
	Vertex
		Position [ 6.03813375 -10.0174425 -78.3841035 ]
		Normal [ -0.027364 -0.009177 -0.999583 ]
		Tangent [ 0.999625 -0.000913 -0.027357 ]
		Color 0
		U0 0.174304
		V0 0.469023
		U1 0.174304
		V1 0.469023
	Vertex
		Position [ 6.75966975 -10.6938825 -78.3841035 ]
		Normal [ -0.008663 -0.021987 -0.999721 ]
		Tangent [ 0.981949 -0.188747 -0.012235 ]
		Color 0
		U0 0.175400
		V0 0.466774
		U1 0.175400
		V1 0.466774
	Vertex
		Position [ 6.941817 -10.24953975 -78.39545625 ]
		Normal [ -0.008663 -0.021987 -0.999721 ]
		Tangent [ 0.999962 -0.001284 -0.008637 ]
		Color 0
		U0 0.175672
		V0 0.468258
		U1 0.175672
		V1 0.468258
	Vertex
		Position [ 1.635219 -9.58176075 77.725536 ]
		Normal [ 1.000000 -0.000000 -0.000000 ]
		Tangent [ 0.000000 0.000000 0.000000 ]
		Color 0
		U0 0.167594
		V0 0.470478
		U1 0.167594
		V1 0.470478
	Vertex
		Position [ 1.635219 -5.49419025 80.6362155 ]
		Normal [ 1.000000 -0.000000 -0.000000 ]
		Tangent [ 0.000000 0.000000 0.000000 ]
		Color 0
		U0 0.167594
		V0 0.484104
		U1 0.167594
		V1 0.484104
	Vertex
		Position [ 1.635219 -7.51483125 77.725536 ]
		Normal [ 1.000000 -0.000000 -0.000000 ]
		Tangent [ 0.000000 0.000000 0.000000 ]
		Color 0
		U0 0.167594
		V0 0.477374
		U1 0.167594
		V1 0.477374
	Vertex
		Position [ -1.7652165 -7.51483125 77.725536 ]
		Normal [ -1.000000 0.000000 0.000000 ]
		Tangent [ 0.000000 0.000000 0.000000 ]
		Color 0
		U0 0.162416
		V0 0.477374
		U1 0.162416
		V1 0.477374
	Vertex
		Position [ -1.7652165 -5.49419025 80.6362155 ]
		Normal [ -1.000000 0.000000 0.000000 ]
		Tangent [ 0.000000 0.000000 0.000000 ]
		Color 0
		U0 0.162416
		V0 0.484104
		U1 0.162416
		V1 0.484104
	Vertex
		Position [ -1.7652165 -9.58176075 77.725536 ]
		Normal [ -1.000000 0.000000 0.000000 ]
		Tangent [ 0.000000 0.000000 0.000000 ]
		Color 0
		U0 0.162416
		V0 0.470478
		U1 0.162416
		V1 0.470478
	Vertex
		Position [ 15.32054325 1.63072725 29.13493275 ]
		Normal [ 1.000000 0.000000 -0.000000 ]
		Tangent [ -0.000000 0.000000 -1.000000 ]
		Color 0
		U0 0.794778
		V0 0.002815
		U1 0.794778
		V1 0.002815
	Vertex
		Position [ 15.32054325 0.14781 29.13493275 ]
		Normal [ 1.000000 0.000000 -0.000000 ]
		Tangent [ -0.000000 0.000000 -1.000000 ]
		Color 0
		U0 0.794778
		V0 0.015599
		U1 0.794778
		V1 0.015599
	Vertex
		Position [ 15.32054325 0.14780925 35.06208825 ]
		Normal [ 1.000000 0.000000 -0.000000 ]
		Tangent [ -0.000000 0.000000 -1.000000 ]
		Color 0
		U0 0.743680
		V0 0.015599
		U1 0.743680
		V1 0.015599
	Vertex
		Position [ 15.32054325 1.6307265 35.06208825 ]
		Normal [ 1.000000 0.000000 -0.000000 ]
		Tangent [ -0.000000 0.000000 -1.000000 ]
		Color 0
		U0 0.743680
		V0 0.002815
		U1 0.743680
		V1 0.002815
	Vertex
		Position [ 2.4339825 -10.19852625 77.725536 ]
		Normal [ 1.000000 -0.000000 -0.000000 ]
		Tangent [ 0.000000 0.000000 0.000000 ]
		Color 0
		U0 0.168816
		V0 0.468423
		U1 0.168816
		V1 0.468423
	Vertex
		Position [ 2.4339825 -7.51483125 77.725536 ]
		Normal [ 1.000000 0.000000 -0.000000 ]
		Tangent [ 0.000000 0.000000 0.000000 ]
		Color 0
		U0 0.168816
		V0 0.477374
		U1 0.168816
		V1 0.477374
	Vertex
		Position [ 2.4339825 -11.44690725 76.19218275 ]
		Normal [ 1.000000 0.000000 -0.000000 ]
		Tangent [ 0.000000 0.000000 0.000000 ]
		Color 0
		U0 0.168816
		V0 0.464262
		U1 0.168816
		V1 0.464262
	Vertex
		Position [ 2.433981 -11.4469065 72.06150075 ]
		Normal [ 1.000000 0.000000 -0.000000 ]
		Tangent [ 0.000000 0.000000 0.000000 ]
		Color 0
		U0 0.168816
		V0 0.464262
		U1 0.168816
		V1 0.464262
	Vertex
		Position [ 2.4339825 -11.74218225 76.19218275 ]
		Normal [ 1.000000 0.000000 -0.000000 ]
		Tangent [ 0.000000 0.000000 0.000000 ]
		Color 0
		U0 0.168816
		V0 0.463273
		U1 0.168816
		V1 0.463273
	Vertex
		Position [ 2.433981 -11.7421815 71.4709455 ]
		Normal [ 0.980868 0.000000 -0.194672 ]
		Tangent [ 0.000000 0.000000 0.000000 ]
		Color 0
		U0 0.168816
		V0 0.463273
		U1 0.168816
		V1 0.463273
	Vertex
		Position [ 2.433981 -11.4469065 71.4709455 ]
		Normal [ 0.921093 0.000000 -0.389344 ]
		Tangent [ 0.000000 0.000000 0.000000 ]
		Color 0
		U0 0.168816
		V0 0.464262
		U1 0.168816
		V1 0.464262
	Vertex
		Position [ 2.433981 -11.7421815 71.4709455 ]
		Normal [ 0.980868 0.000000 -0.194672 ]
		Tangent [ 0.194672 0.000001 0.980868 ]
		Color 0
		U0 0.168816
		V0 0.463273
		U1 0.168816
		V1 0.463273
	Vertex
		Position [ 2.433981 -11.4469065 71.4709455 ]
		Normal [ 0.921093 0.000000 -0.389344 ]
		Tangent [ 0.389344 0.000001 0.921093 ]
		Color 0
		U0 0.168816
		V0 0.464262
		U1 0.168816
		V1 0.464262
	Vertex
		Position [ 1.43972025 -11.74218375 70.00459125 ]
		Normal [ 0.615002 0.000000 -0.788525 ]
		Tangent [ 0.788525 0.000001 0.615002 ]
		Color 0
		U0 0.167303
		V0 0.463273
		U1 0.167303
		V1 0.463273
	Vertex
		Position [ 1.43972025 -11.44690875 70.00459125 ]
		Normal [ 0.307501 0.000000 -0.951548 ]
		Tangent [ 0.951548 0.000001 0.307501 ]
		Color 0
		U0 0.167303
		V0 0.464262
		U1 0.167303
		V1 0.464262
	Vertex
		Position [ -0.06500025 -11.74218375 70.00459125 ]
		Normal [ -0.000000 0.000000 -1.000000 ]
		Tangent [ 1.000000 0.000000 -0.000000 ]
		Color 0
		U0 0.165004
		V0 0.463273
		U1 0.165004
		V1 0.463273
	Vertex
		Position [ -0.06500025 -11.44690875 70.00459125 ]
		Normal [ -0.000000 0.000000 -1.000000 ]
		Tangent [ 1.000000 0.000000 -0.000000 ]
		Color 0
		U0 0.165004
		V0 0.464262
		U1 0.165004
		V1 0.464262
	Vertex
		Position [ -1.56972075 -11.44690875 70.00459125 ]
		Normal [ -0.307501 0.000000 -0.951548 ]
		Tangent [ 0.951548 -0.000001 -0.307501 ]
		Color 0
		U0 0.162717
		V0 0.464262
		U1 0.162717
		V1 0.464262
	Vertex
		Position [ -1.56972075 -11.74218375 70.00459125 ]
		Normal [ -0.615003 0.000000 -0.788525 ]
		Tangent [ 0.788525 -0.000001 -0.615003 ]
		Color 0
		U0 0.162717
		V0 0.463273
		U1 0.162717
		V1 0.463273
	Vertex
		Position [ -1.56972075 -11.74218375 70.00459125 ]
		Normal [ -0.000001 -1.000000 0.000000 ]
		Tangent [ -1.000000 0.000001 0.000000 ]
		Color 0
		U0 0.468138
		V0 0.594496
		U1 0.468138
		V1 0.594496
	Vertex
		Position [ -2.56398 -11.74218225 76.19218275 ]
		Normal [ 0.000000 -1.000000 0.000000 ]
		Tangent [ -1.000000 0.000000 0.000000 ]
		Color 0
		U0 0.472530
		V0 0.570018
		U1 0.472530
		V1 0.570018
	Vertex
		Position [ -0.06500025 -11.74218375 70.00459125 ]
		Normal [ 0.000000 -1.000000 0.000000 ]
		Tangent [ -1.000000 0.000000 0.000000 ]
		Color 0
		U0 0.461490
		V0 0.594496
		U1 0.461490
		V1 0.594496
	Vertex
		Position [ 1.43972025 -11.74218375 70.00459125 ]
		Normal [ 0.000000 -1.000000 0.000001 ]
		Tangent [ -1.000000 0.000000 0.000000 ]
		Color 0
		U0 0.454842
		V0 0.594496
		U1 0.454842
		V1 0.594496
	Vertex
		Position [ 2.433981 -11.7421815 71.4709455 ]
		Normal [ 0.000000 -1.000000 0.000000 ]
		Tangent [ -1.000000 0.000000 0.000000 ]
		Color 0
		U0 0.450450
		V0 0.588695
		U1 0.450450
		V1 0.588695
	Vertex
		Position [ 2.4339825 -11.74218225 76.19218275 ]
		Normal [ -0.000000 -1.000000 0.000000 ]
		Tangent [ -1.000000 0.000000 0.000000 ]
		Color 0
		U0 0.450450
		V0 0.570018
		U1 0.450450
		V1 0.570018
	Vertex
		Position [ 2.4339825 -11.74218225 76.19218275 ]
		Normal [ 0.000000 0.000000 1.000000 ]
		Tangent [ 1.000000 -0.000000 -0.000000 ]
		Color 0
		U0 0.168816
		V0 0.463273
		U1 0.168816
		V1 0.463273
	Vertex
		Position [ -2.56398 -11.74218225 76.19218275 ]
		Normal [ 0.000000 0.000000 1.000000 ]
		Tangent [ 1.000000 -0.000000 -0.000000 ]
		Color 0
		U0 0.161203
		V0 0.463273
		U1 0.161203
		V1 0.463273
	Vertex
		Position [ -2.56398 -11.44690725 76.19218275 ]
		Normal [ 0.000000 -0.429323 0.903151 ]
		Tangent [ 1.000000 -0.000000 -0.000000 ]
		Color 0
		U0 0.161203
		V0 0.464262
		U1 0.161203
		V1 0.464262
	Vertex
		Position [ 2.4339825 -11.44690725 76.19218275 ]
		Normal [ 0.000000 -0.429323 0.903151 ]
		Tangent [ 1.000000 -0.000000 -0.000000 ]
		Color 0
		U0 0.168816
		V0 0.464262
		U1 0.168816
		V1 0.464262
	Vertex
		Position [ 15.58740075 1.85310975 18.96761625 ]
		Normal [ 1.000000 0.000000 -0.000000 ]
		Tangent [ 0.000000 0.000000 1.000000 ]
		Color 0
		U0 0.937362
		V0 0.948503
		U1 0.937362
		V1 0.948503
	Vertex
		Position [ 15.58740075 -0.074571 18.96761625 ]
		Normal [ 1.000000 0.000000 -0.000000 ]
		Tangent [ 0.000000 0.000000 1.000000 ]
		Color 0
		U0 0.937362
		V0 0.984422
		U1 0.937362
		V1 0.984422
	Vertex
		Position [ 15.58740075 -0.07457175 21.11491275 ]
		Normal [ 1.000000 0.000000 -0.000000 ]
		Tangent [ 0.000000 0.000000 1.000000 ]
		Color 0
		U0 0.939107
		V0 0.984422
		U1 0.939107
		V1 0.984422
	Vertex
		Position [ 15.58740075 1.85310975 21.11491275 ]
		Normal [ 1.000000 0.000000 -0.000000 ]
		Tangent [ 0.000000 0.000000 1.000000 ]
		Color 0
		U0 0.939107
		V0 0.948503
		U1 0.939107
		V1 0.948503
	Vertex
		Position [ 2.4339825 -10.19852625 77.725536 ]
		Normal [ 0.000000 -0.282689 0.959212 ]
		Tangent [ -1.000000 0.000000 0.000000 ]
		Color 0
		U0 0.450450
		V0 0.560916
		U1 0.450450
		V1 0.560916
	Vertex
		Position [ 2.4339825 -11.44690725 76.19218275 ]
		Normal [ 0.000000 -0.429323 0.903151 ]
		Tangent [ -1.000000 0.000000 0.000000 ]
		Color 0
		U0 0.450450
		V0 0.569438
		U1 0.450450
		V1 0.569438
	Vertex
		Position [ -2.56398 -11.44690725 76.19218275 ]
		Normal [ 0.000000 -0.429323 0.903151 ]
		Tangent [ -1.000000 0.000000 0.000000 ]
		Color 0
		U0 0.472530
		V0 0.569438
		U1 0.472530
		V1 0.569438
	Vertex
		Position [ -2.56397925 -10.19852625 77.725536 ]
		Normal [ 0.000000 -0.282689 0.959212 ]
		Tangent [ -1.000000 0.000000 0.000000 ]
		Color 0
		U0 0.472530
		V0 0.560916
		U1 0.472530
		V1 0.560916
	Vertex
		Position [ 8.71473375 -10.69613475 -78.3841035 ]
		Normal [ 0.002667 -0.024622 -0.999693 ]
		Tangent [ 0.998450 0.055562 0.003381 ]
		Color 0
		U0 0.178378
		V0 0.466764
		U1 0.178378
		V1 0.466764
	Vertex
		Position [ 8.5667385 -10.25141175 -78.39545025 ]
		Normal [ 0.002667 -0.024622 -0.999693 ]
		Tangent [ 0.999996 0.000240 0.002662 ]
		Color 0
		U0 0.178155
		V0 0.468248
		U1 0.178155
		V1 0.468248
	Vertex
		Position [ -2.56398 -11.74218225 76.19218275 ]
		Normal [ -1.000000 0.000000 0.000000 ]
		Tangent [ 0.000000 0.000000 0.000000 ]
		Color 0
		U0 0.161203
		V0 0.463273
		U1 0.161203
		V1 0.463273
	Vertex
		Position [ -2.56398075 -11.7421815 71.4709455 ]
		Normal [ -0.980868 0.000000 -0.194672 ]
		Tangent [ 0.000000 0.000000 0.000000 ]
		Color 0
		U0 0.161203
		V0 0.463273
		U1 0.161203
		V1 0.463273
	Vertex
		Position [ -2.56398075 -11.4469065 71.4709455 ]
		Normal [ -0.921093 0.000000 -0.389343 ]
		Tangent [ 0.000000 0.000000 0.000000 ]
		Color 0
		U0 0.161203
		V0 0.464262
		U1 0.161203
		V1 0.464262
	Vertex
		Position [ -2.56398075 -11.4469065 72.06150075 ]
		Normal [ 0.000000 -0.918153 0.396226 ]
		Tangent [ 0.000827 -0.396226 -0.918153 ]
		Color 0
		U0 0.023890
		V0 0.901341
		U1 0.023890
		V1 0.901341
	Vertex
		Position [ -2.56398075 -11.4469065 71.4709455 ]
		Normal [ 0.000000 -1.000000 0.000005 ]
		Tangent [ 0.132618 -0.000004 -0.991167 ]
		Color 0
		U0 0.026323
		V0 0.901339
		U1 0.026323
		V1 0.901339
	Vertex
		Position [ -14.058984 -11.4469065 72.06150075 ]
		Normal [ -0.000001 -0.989047 0.147598 ]
		Tangent [ 0.000594 -0.083675 -0.996493 ]
		Color 0
		U0 0.023840
		V0 0.853964
		U1 0.023840
		V1 0.853964
	Vertex
		Position [ -11.86237875 -11.44691325 71.54226525 ]
		Normal [ 0.000001 -1.000000 0.000002 ]
		Tangent [ 0.000674 -0.000002 -1.000000 ]
		Color 0
		U0 0.025989
		V0 0.863016
		U1 0.025989
		V1 0.863016
	Vertex
		Position [ -14.058984 -11.4469065 71.54226525 ]
		Normal [ -0.000003 -1.000000 0.000000 ]
		Tangent [ 0.000179 -0.002701 -0.999996 ]
		Color 0
		U0 0.025979
		V0 0.853962
		U1 0.025979
		V1 0.853962
	Vertex
		Position [ -14.058984 -11.4469065 72.06150075 ]
		Normal [ -1.000000 0.000601 -0.000332 ]
		Tangent [ 0.000594 -0.083675 -0.996493 ]
		Color 0
		U0 0.658073
		V0 0.497878
		U1 0.658073
		V1 0.497878
	Vertex
		Position [ -14.058984 -11.4469065 71.54226525 ]
		Normal [ -1.000000 0.000123 0.000107 ]
		Tangent [ 0.000179 -0.002701 -0.999996 ]
		Color 0
		U0 0.660332
		V0 0.497878
		U1 0.660332
		V1 0.497878
	Vertex
		Position [ -14.05658325 -1.62231675 82.60445025 ]
		Normal [ -0.999997 0.002444 -0.000993 ]
		Tangent [ 0.000998 0.002199 -0.999997 ]
		Color 0
		U0 0.613147
		V0 0.455520
		U1 0.613147
		V1 0.455520
	Vertex
		Position [ -14.0589795 -9.846411 71.54226525 ]
		Normal [ -1.000000 0.000147 0.000107 ]
		Tangent [ -0.000108 -0.004051 -0.999992 ]
		Color 0
		U0 0.660332
		V0 0.490914
		U1 0.660332
		V1 0.490914
	Vertex
		Position [ -14.0589795 -9.8464125 64.85370825 ]
		Normal [ -1.000000 0.000193 0.000001 ]
		Tangent [ -0.000001 -0.000005 -1.000000 ]
		Color 0
		U0 0.689434
		V0 0.490914
		U1 0.689434
		V1 0.490914
	Vertex
		Position [ -14.0589825 -9.8464095 63.8152425 ]
		Normal [ -0.999976 0.006755 -0.001376 ]
		Tangent [ 0.001369 -0.001111 -0.999998 ]
		Color 0
		U0 0.693953
		V0 0.490914
		U1 0.693953
		V1 0.490914
	Vertex
		Position [ -13.80173625 8.72244975 60.540081 ]
		Normal [ -0.999591 0.023472 -0.016345 ]
		Tangent [ 0.016342 -0.000323 -0.999866 ]
		Color 0
		U0 0.708203
		V0 0.410120
		U1 0.708203
		V1 0.410120
	Vertex
		Position [ -14.0589855 -9.846411 57.12668625 ]
		Normal [ -0.999890 0.011058 -0.009925 ]
		Tangent [ 0.009926 0.000000 -0.999951 ]
		Color 0
		U0 0.723055
		V0 0.490914
		U1 0.723055
		V1 0.490914
	Vertex
		Position [ -14.058987 -11.44691175 56.0882205 ]
		Normal [ -0.999936 0.006444 0.009312 ]
		Tangent [ -0.006795 -0.000008 -0.999977 ]
		Color 0
		U0 0.727573
		V0 0.497878
		U1 0.727573
		V1 0.497878
	Vertex
		Position [ -14.058987 -9.84640875 56.0882205 ]
		Normal [ -0.999560 0.006929 0.028857 ]
		Tangent [ -0.028858 -0.000015 -0.999584 ]
		Color 0
		U0 0.727573
		V0 0.490914
		U1 0.727573
		V1 0.490914
	Vertex
		Position [ -14.058987 -9.846411 49.39965825 ]
		Normal [ -0.993871 0.063419 -0.090544 ]
		Tangent [ 0.090733 0.000101 -0.995875 ]
		Color 0
		U0 0.756676
		V0 0.490914
		U1 0.756676
		V1 0.490914
	Vertex
		Position [ -14.058987 -11.446914 48.3611985 ]
		Normal [ -0.994771 0.058804 -0.083502 ]
		Tangent [ 0.062966 0.000073 -0.998016 ]
		Color 0
		U0 0.761194
		V0 0.497878
		U1 0.761194
		V1 0.497878
	Vertex
		Position [ -14.058987 -9.84640725 48.3611925 ]
		Normal [ -0.999920 0.006927 0.010560 ]
		Tangent [ -0.010560 -0.000004 -0.999944 ]
		Color 0
		U0 0.761194
		V0 0.490914
		U1 0.761194
		V1 0.490914
	Vertex
		Position [ -14.058987 -9.8464095 41.67263625 ]
		Normal [ -0.999969 0.007767 0.001445 ]
		Tangent [ -0.001445 0.000001 -0.999999 ]
		Color 0
		U0 0.790296
		V0 0.490914
		U1 0.790296
		V1 0.490914
	Vertex
		Position [ -14.05899075 -8.04363975 37.74096975 ]
		Normal [ -0.999965 0.008264 0.001445 ]
		Tangent [ 0.001033 0.155685 -0.987806 ]
		Color 0
		U0 0.807403
		V0 0.483070
		U1 0.807403
		V1 0.483070
	Vertex
		Position [ -14.05898925 -8.04363825 28.08110325 ]
		Normal [ -0.999964 0.008381 0.000954 ]
		Tangent [ -0.000105 -0.000162 -1.000000 ]
		Color 0
		U0 0.849434
		V0 0.483070
		U1 0.849434
		V1 0.483070
	Vertex
		Position [ -14.05899075 -5.27256375 18.5963775 ]
		Normal [ -0.999994 0.002452 0.002249 ]
		Tangent [ -0.002249 -0.000001 -0.999997 ]
		Color 0
		U0 0.890702
		V0 0.471013
		U1 0.890702
		V1 0.471013
	Vertex
		Position [ -14.05899075 -3.304407 18.594498 ]
		Normal [ -0.999938 0.010696 0.003066 ]
		Tangent [ -0.003066 -0.000001 -0.999995 ]
		Color 0
		U0 0.890710
		V0 0.462449
		U1 0.890710
		V1 0.462449
	Vertex
		Position [ -13.801746 8.7224595 5.778597 ]
		Normal [ -0.999771 0.021384 0.000000 ]
		Tangent [ -0.000000 0.000000 -1.000000 ]
		Color 0
		U0 0.946473
		V0 0.410120
		U1 0.946473
		V1 0.410120
	Vertex
		Position [ -13.80173625 8.72244975 60.540081 ]
		Normal [ 0.000000 0.976070 0.217456 ]
		Tangent [ -0.999981 -0.001357 0.006091 ]
		Color 0
		U0 0.239654
		V0 0.235456
		U1 0.239654
		V1 0.235456
	Vertex
		Position [ -13.801746 8.7224595 5.778597 ]
		Normal [ 0.000000 1.000000 0.000000 ]
		Tangent [ -0.999980 0.000000 0.006335 ]
		Color 0
		U0 0.239388
		V0 -0.007268
		U1 0.239388
		V1 -0.007268
	Vertex
		Position [ -8.88577275 8.72244975 60.540081 ]
		Normal [ 0.004276 0.984623 0.174641 ]
		Tangent [ -0.999931 0.002298 0.011531 ]
		Color 0
		U0 0.216970
		V0 0.235594
		U1 0.216970
		V1 0.235594
	Vertex
		Position [ 9.27026475 8.72244975 60.540075 ]
		Normal [ -0.004554 0.984628 0.174605 ]
		Tangent [ -0.999989 -0.004693 0.000383 ]
		Color 0
		U0 0.133188
		V0 0.236103
		U1 0.133188
		V1 0.236103
	Vertex
		Position [ 14.186229 8.72244975 60.540075 ]
		Normal [ 0.000000 0.989494 0.144573 ]
		Tangent [ -0.999981 -0.000902 0.006172 ]
		Color 0
		U0 0.110503
		V0 0.236242
		U1 0.110503
		V1 0.236242
	Vertex
		Position [ 14.18621925 8.7224595 5.7785925 ]
		Normal [ 0.000000 1.000000 0.000000 ]
		Tangent [ -0.999995 -0.000001 0.003169 ]
		Color 0
		U0 0.110237
		V0 -0.006482
		U1 0.110237
		V1 -0.006482
	Vertex
		Position [ 14.18621925 8.7224595 5.7785925 ]
		Normal [ 0.999771 -0.021384 -0.000000 ]
		Tangent [ -0.000000 0.000000 -1.000000 ]
		Color 0
		U0 0.945584
		V0 0.409785
		U1 0.945584
		V1 0.409785
	Vertex
		Position [ 13.9289745 -3.304407 18.5944935 ]
		Normal [ 0.999938 -0.010696 -0.003066 ]
		Tangent [ -0.003066 0.000000 -0.999995 ]
		Color 0
		U0 0.889911
		V0 0.462030
		U1 0.889911
		V1 0.462030
	Vertex
		Position [ 14.186229 8.72244975 60.540075 ]
		Normal [ 0.999922 -0.012452 -0.000919 ]
		Tangent [ -0.000921 -0.000191 -1.000000 ]
		Color 0
		U0 0.707698
		V0 0.409785
		U1 0.707698
		V1 0.409785
	Vertex
		Position [ 13.9289745 -5.27256375 18.596373 ]
		Normal [ 0.999996 -0.001962 -0.001799 ]
		Tangent [ -0.001799 -0.000001 -0.999998 ]
		Color 0
		U0 0.889903
		V0 0.470580
		U1 0.889903
		V1 0.470580
	Vertex
		Position [ 13.928976 -8.04363825 28.08110325 ]
		Normal [ 0.999964 -0.008381 -0.000954 ]
		Tangent [ -0.000105 -0.000161 -1.000000 ]
		Color 0
		U0 0.848701
		V0 0.482618
		U1 0.848701
		V1 0.482618
	Vertex
		Position [ 13.9289745 -8.04363975 37.74096675 ]
		Normal [ 0.999965 -0.008264 -0.001445 ]
		Tangent [ 0.001033 0.155684 -0.987806 ]
		Color 0
		U0 0.806738
		V0 0.482618
		U1 0.806738
		V1 0.482618
	Vertex
		Position [ 13.928979 -9.8464095 41.67263325 ]
		Normal [ 0.999982 -0.005826 -0.001084 ]
		Tangent [ -0.001084 0.000000 -0.999999 ]
		Color 0
		U0 0.789659
		V0 0.490449
		U1 0.789659
		V1 0.490449
	Vertex
		Position [ 13.928979 -9.84640725 48.3611925 ]
		Normal [ 0.999957 -0.009235 -0.000000 ]
		Tangent [ -0.000000 -0.000007 -1.000000 ]
		Color 0
		U0 0.760604
		V0 0.490449
		U1 0.760604
		V1 0.490449
	Vertex
		Position [ 13.928979 -9.846411 49.39965825 ]
		Normal [ 0.999976 -0.006926 -0.000000 ]
		Tangent [ -0.000000 -0.000004 -1.000000 ]
		Color 0
		U0 0.756092
		V0 0.490449
		U1 0.756092
		V1 0.490449
	Vertex
		Position [ 13.928979 -11.44691175 56.0882205 ]
		Normal [ 1.000000 0.000000 0.000001 ]
		Tangent [ 0.000251 -0.000004 -1.000000 ]
		Color 0
		U0 0.727037
		V0 0.497402
		U1 0.727037
		V1 0.497402
	Vertex
		Position [ 13.9289775 -9.846411 57.12668625 ]
		Normal [ 0.999977 -0.006744 0.001036 ]
		Tangent [ 0.001033 -0.000476 -0.999999 ]
		Color 0
		U0 0.722526
		V0 0.490449
		U1 0.722526
		V1 0.490449
	Vertex
		Position [ 13.928979 -9.84640875 56.0882205 ]
		Normal [ 0.999957 -0.009235 0.000001 ]
		Tangent [ 0.000001 -0.000007 -1.000000 ]
		Color 0
		U0 0.727037
		V0 0.490449
		U1 0.727037
		V1 0.490449
	Vertex
		Position [ -2.9952915 -10.06257825 -15.4401585 ]
		Normal [ 0.000000 0.000000 1.000000 ]
		Tangent [ 1.000000 -0.000138 -0.000000 ]
		Color 0
		U0 0.160544
		V0 0.468878
		U1 0.160544
		V1 0.468878
	Vertex
		Position [ -2.3469495 -9.414237 -15.4401585 ]
		Normal [ 0.000000 0.000000 1.000000 ]
		Tangent [ 1.000000 -0.000069 -0.000000 ]
		Color 0
		U0 0.161533
		V0 0.471041
		U1 0.161533
		V1 0.471041
	Vertex
		Position [ -0.98280975 -10.778376 -15.4401585 ]
		Normal [ 0.000000 0.000000 1.000000 ]
		Tangent [ 1.000000 0.000107 -0.000000 ]
		Color 0
		U0 0.163609
		V0 0.466492
		U1 0.163609
		V1 0.466492
	Vertex
		Position [ -1.63115175 -11.426718 -15.4401585 ]
		Normal [ 0.000000 0.000000 1.000000 ]
		Tangent [ 1.000000 -0.000138 -0.000000 ]
		Color 0
		U0 0.162629
		V0 0.464330
		U1 0.162629
		V1 0.464330
	Vertex
		Position [ 13.9289805 -9.8464095 63.8152425 ]
		Normal [ 0.999989 -0.004471 0.001381 ]
		Tangent [ 0.001378 -0.000627 -0.999999 ]
		Color 0
		U0 0.693471
		V0 0.490449
		U1 0.693471
		V1 0.490449
	Vertex
		Position [ 13.931382 -1.62231675 82.60445025 ]
		Normal [ 0.999993 -0.003606 0.001159 ]
		Tangent [ 0.001177 0.004955 -0.999987 ]
		Color 0
		U0 0.612795
		V0 0.455113
		U1 0.612795
		V1 0.455113
	Vertex
		Position [ 15.32054175 3.84354825 22.6107075 ]
		Normal [ 0.025605 -0.061372 -0.997786 ]
		Tangent [ -0.999671 -0.000002 -0.025653 ]
		Color 0
		U0 0.945260
		V0 0.985554
		U1 0.945260
		V1 0.985554
	Vertex
		Position [ 13.541043 3.84354825 22.6107075 ]
		Normal [ -0.000000 -0.091912 -0.995767 ]
		Tangent [ -1.000000 0.000000 0.000000 ]
		Color 0
		U0 0.986031
		V0 0.985554
		U1 0.986031
		V1 0.985554
	Vertex
		Position [ 13.274184 3.6211665 22.6312335 ]
		Normal [ -0.000000 -0.091912 -0.995767 ]
		Tangent [ -1.000000 0.000000 0.000000 ]
		Color 0
		U0 0.992150
		V0 0.990650
		U1 0.992150
		V1 0.990650
	Vertex
		Position [ 13.931382 -1.62231675 82.60445025 ]
		Normal [ -0.009347 0.906292 0.422548 ]
