TXT
MeshData
	maxDiffuseMipLevel 0
	hasValidTangents TRUE
	BoundingRadius 162.200119
	MaxBoundingExtents [ 69.187126 25.947794 162.032761 ]
	MinBoundingExtents [ -69.184357 -29.386236 -121.201759 ]
	NumMaterials 1
	Material
		DiffuseTextureFileName "Human_CapitalTransport_Concordia-cl.dds"
		SelfIlluminationTextureFileName "Human_CapitalTransport_Concordia-da.dds"
		NormalTextureFileName "Human_CapitalTransport_Concordia-nm.dds"
		DisplacementTextureFileName ""
		TeamColorTextureFileName ""
		Diffuse ffffffff
		Ambient ffffffff
		Specular ffffffff
		Emissive ffffffff
		Glossiness 9.999999
	NumPoints 129
	Point
		DataString "Center"
		Position [ -0.071892 4.239433 4.610470 ]
		Orientation
			 [ 1.000000 -0.000000 0.000000 ]
			 [ 0.000000 1.000000 -0.000000 ]
			 [ -0.000000 0.000000 1.000000 ]
	Point
		DataString "Above"
		Position [ -0.071892 36.371044 4.610468 ]
		Orientation
			 [ 1.000000 -0.000000 0.000000 ]
			 [ 0.000000 1.000000 -0.000000 ]
			 [ -0.000000 0.000000 1.000000 ]
	Point
		DataString "Aura"
		Position [ -0.071892 -28.247950 4.610471 ]
		Orientation
			 [ 1.000000 -0.000000 0.000000 ]
			 [ 0.000000 1.000000 -0.000000 ]
			 [ -0.000000 0.000000 1.000000 ]
	Point
		DataString "Weapon-0"
		Position [ 19.877823 4.239433 81.889069 ]
		Orientation
			 [ -0.020646 0.000000 -0.999787 ]
			 [ 0.000004 1.000000 0.000000 ]
			 [ 0.999787 -0.000004 -0.020646 ]
	Point
		DataString "Weapon-0"
		Position [ -19.595753 4.239433 81.889076 ]
		Orientation
			 [ 0.011688 0.000000 0.999932 ]
			 [ 0.000001 1.000000 -0.000000 ]
			 [ -0.999932 0.000001 0.011688 ]
	Point
		DataString "Weapon-0"
		Position [ -19.595751 4.239432 88.855484 ]
		Orientation
			 [ 0.999116 -0.000000 -0.042037 ]
			 [ -0.000000 1.000000 -0.000000 ]
			 [ 0.042037 0.000000 0.999116 ]
	Point
		DataString "Weapon-0"
		Position [ 19.877823 4.239433 88.855484 ]
		Orientation
			 [ 0.999780 0.000000 -0.020961 ]
			 [ -0.000000 1.000000 0.000000 ]
			 [ 0.020961 -0.000000 0.999780 ]
	Point
		DataString "Weapon-0"
		Position [ -18.568291 4.239433 97.118599 ]
		Orientation
			 [ 1.000000 -0.000000 0.000000 ]
			 [ 0.000000 1.000000 -0.000000 ]
			 [ -0.000000 0.000000 1.000000 ]
	Point
		DataString "Weapon-0"
		Position [ 18.497332 4.239434 97.118614 ]
		Orientation
			 [ 1.000000 -0.000000 0.000000 ]
			 [ 0.000000 1.000000 -0.000000 ]
			 [ -0.000000 0.000000 1.000000 ]
	Point
		DataString "Weapon-0"
		Position [ -18.232622 4.239434 104.698654 ]
		Orientation
			 [ 1.000000 -0.000000 0.000000 ]
			 [ 0.000000 1.000000 -0.000000 ]
			 [ -0.000000 0.000000 1.000000 ]
	Point
		DataString "Weapon-0"
		Position [ 17.490358 4.239434 104.698631 ]
		Orientation
			 [ 1.000000 -0.000000 0.000000 ]
			 [ 0.000000 1.000000 -0.000000 ]
			 [ -0.000000 0.000000 1.000000 ]
	Point
		DataString "Ability-0"
		Position [ -13.865565 0.908356 116.468262 ]
		Orientation
			 [ 1.000000 -0.000000 0.000000 ]
			 [ 0.000000 1.000000 -0.000000 ]
			 [ -0.000000 0.000000 1.000000 ]
	Point
		DataString "Ability-0"
		Position [ 13.453891 0.911431 116.468246 ]
		Orientation
			 [ 1.000000 -0.000000 0.000000 ]
			 [ 0.000000 1.000000 -0.000000 ]
			 [ -0.000000 0.000000 1.000000 ]
	Point
		DataString "Ability-0"
		Position [ 24.826134 0.505987 30.008461 ]
		Orientation
			 [ 0.017469 0.000000 -0.999847 ]
			 [ -0.000001 1.000000 0.000000 ]
			 [ 0.999847 0.000001 0.017469 ]
	Point
		DataString "Ability-0"
		Position [ -24.856087 0.527835 30.013006 ]
		Orientation
			 [ -0.021377 -0.000000 0.999771 ]
			 [ 0.000002 1.000000 0.000000 ]
			 [ -0.999771 0.000002 -0.021377 ]
	Point
		DataString "Weapon-0"
		Position [ 19.886854 5.735388 39.895332 ]
		Orientation
			 [ 1.000000 -0.000000 0.000000 ]
			 [ 0.000000 1.000000 -0.000000 ]
			 [ -0.000000 0.000000 1.000000 ]
	Point
		DataString "Weapon-0"
		Position [ -20.730486 5.735387 39.895325 ]
		Orientation
			 [ 1.000000 -0.000000 0.000000 ]
			 [ 0.000000 1.000000 -0.000000 ]
			 [ -0.000000 0.000000 1.000000 ]
	Point
		DataString "Weapon-0"
		Position [ -20.730486 5.735387 30.231140 ]
		Orientation
			 [ 1.000000 -0.000000 0.000000 ]
			 [ 0.000000 1.000000 -0.000000 ]
			 [ -0.000000 0.000000 1.000000 ]
	Point
		DataString "Weapon-0"
		Position [ 19.886848 5.735388 30.231146 ]
		Orientation
			 [ 1.000000 -0.000000 0.000000 ]
			 [ 0.000000 1.000000 -0.000000 ]
			 [ -0.000000 0.000000 1.000000 ]
	Point
		DataString "Weapon-0"
		Position [ -20.730488 5.735387 20.581236 ]
		Orientation
			 [ -0.016153 -0.000000 0.999870 ]
			 [ -0.000002 1.000000 0.000000 ]
			 [ -0.999870 -0.000002 -0.016153 ]
	Point
		DataString "Weapon-0"
		Position [ 19.886850 5.735388 20.581240 ]
		Orientation
			 [ 0.014280 0.000000 -0.999898 ]
			 [ 0.000001 1.000000 0.000000 ]
			 [ 0.999898 -0.000001 0.014280 ]
	Point
		DataString "Weapon-0"
		Position [ -20.730482 5.735388 11.586748 ]
		Orientation
			 [ -0.018272 0.000000 0.999833 ]
			 [ 0.000002 1.000000 -0.000000 ]
			 [ -0.999833 0.000002 -0.018272 ]
	Point
		DataString "Weapon-0"
		Position [ 19.886852 5.735388 11.586751 ]
		Orientation
			 [ -0.006647 0.000000 -0.999978 ]
			 [ -0.000000 1.000000 0.000000 ]
			 [ 0.999978 0.000000 -0.006647 ]
	Point
		DataString "Weapon-0"
		Position [ -20.730486 5.735388 3.246697 ]
		Orientation
			 [ 0.005345 -0.000000 0.999986 ]
			 [ 0.000001 1.000000 0.000000 ]
			 [ -0.999986 0.000001 0.005345 ]
	Point
		DataString "Weapon-0"
		Position [ 19.886850 5.735388 3.246703 ]
		Orientation
			 [ 0.000592 0.000000 -1.000000 ]
			 [ 0.000001 1.000000 0.000000 ]
			 [ 1.000000 -0.000001 0.000592 ]
	Point
		DataString "Ability-0"
		Position [ -69.122864 -13.754184 -56.866138 ]
		Orientation
			 [ 1.000000 -0.000000 0.000000 ]
			 [ 0.000000 1.000000 -0.000000 ]
			 [ -0.000000 0.000000 1.000000 ]
	Point
		DataString "Ability-0"
		Position [ 69.172073 -13.743429 -56.877281 ]
		Orientation
			 [ 1.000000 -0.000000 0.000000 ]
			 [ 0.000000 1.000000 -0.000000 ]
			 [ -0.000000 0.000000 1.000000 ]
	Point
		DataString "Weapon-1"
		Position [ -5.916235 16.481417 33.152756 ]
		Orientation
			 [ 1.000000 -0.000000 0.000000 ]
			 [ 0.000000 0.886116 -0.463463 ]
			 [ -0.000000 0.463463 0.886116 ]
	Point
		DataString "Weapon-1"
		Position [ 5.456539 16.481419 33.152756 ]
		Orientation
			 [ 1.000000 -0.000000 0.000000 ]
			 [ 0.000000 0.886116 -0.463463 ]
			 [ -0.000000 0.463463 0.886116 ]
	Point
		DataString "Weapon-1"
		Position [ 5.456539 16.481419 39.235725 ]
		Orientation
			 [ 1.000000 -0.000000 0.000000 ]
			 [ 0.000000 0.886116 -0.463463 ]
			 [ -0.000000 0.463463 0.886116 ]
	Point
		DataString "Weapon-1"
		Position [ -5.916237 16.481419 39.235729 ]
		Orientation
			 [ 1.000000 -0.000000 0.000000 ]
			 [ 0.000000 0.886116 -0.463463 ]
			 [ -0.000000 0.463463 0.886116 ]
	Point
		DataString "Weapon-1"
		Position [ 5.456539 16.481419 46.362049 ]
		Orientation
			 [ 1.000000 -0.000000 0.000000 ]
			 [ 0.000000 0.886116 -0.463463 ]
			 [ -0.000000 0.463463 0.886116 ]
	Point
		DataString "Weapon-1"
		Position [ -5.916239 16.481419 46.362045 ]
		Orientation
			 [ 1.000000 -0.000000 0.000000 ]
			 [ 0.000000 0.886116 -0.463463 ]
			 [ -0.000000 0.463463 0.886116 ]
	Point
		DataString "Weapon-1"
		Position [ 5.456539 16.481419 53.701958 ]
		Orientation
			 [ 1.000000 -0.000000 0.000000 ]
			 [ 0.000000 0.886116 -0.463463 ]
			 [ -0.000000 0.463463 0.886116 ]
	Point
		DataString "Weapon-1"
		Position [ -5.916236 16.481417 53.701962 ]
		Orientation
			 [ 1.000000 -0.000000 0.000000 ]
			 [ 0.000000 0.886116 -0.463463 ]
			 [ -0.000000 0.463463 0.886116 ]
	Point
		DataString "Weapon-1"
		Position [ 5.456536 16.481417 52.754196 ]
		Orientation
			 [ 1.000000 -0.000000 0.000000 ]
			 [ 0.000000 0.886116 -0.463463 ]
			 [ -0.000000 0.463463 0.886116 ]
	Point
		DataString "Weapon-1"
		Position [ -5.916236 16.481421 52.754208 ]
		Orientation
			 [ 1.000000 -0.000000 0.000000 ]
			 [ 0.000000 0.886116 -0.463463 ]
			 [ -0.000000 0.463463 0.886116 ]
	Point
		DataString "Weapon-1"
		Position [ -5.916239 16.481419 45.414295 ]
		Orientation
			 [ -0.039014 -0.000000 0.999239 ]
			 [ 0.463111 0.886116 0.018082 ]
			 [ -0.885441 0.463464 -0.034571 ]
	Point
		DataString "Weapon-1"
		Position [ 5.456539 16.481421 45.414291 ]
		Orientation
			 [ -0.015479 0.000000 -0.999880 ]
			 [ -0.463410 0.886115 0.007174 ]
			 [ 0.886009 0.463465 -0.013716 ]
	Point
		DataString "Weapon-1"
		Position [ -5.916239 16.481419 38.287971 ]
		Orientation
			 [ -0.039014 -0.000000 0.999239 ]
			 [ 0.463111 0.886116 0.018082 ]
			 [ -0.885441 0.463464 -0.034571 ]
	Point
		DataString "Weapon-1"
		Position [ 5.456536 16.481419 38.287979 ]
		Orientation
			 [ -0.015479 0.000000 -0.999880 ]
			 [ -0.463410 0.886115 0.007174 ]
			 [ 0.886009 0.463465 -0.013716 ]
	Point
		DataString "Weapon-1"
		Position [ 5.456539 16.481419 32.205002 ]
		Orientation
			 [ -0.015479 0.000000 -0.999880 ]
			 [ -0.463410 0.886115 0.007174 ]
			 [ 0.886009 0.463465 -0.013716 ]
	Point
		DataString "Weapon-1"
		Position [ -5.916235 16.481417 32.205002 ]
		Orientation
			 [ -0.039014 -0.000000 0.999239 ]
			 [ 0.463111 0.886116 0.018082 ]
			 [ -0.885441 0.463464 -0.034571 ]
	Point
		DataString "Weapon-1"
		Position [ -5.916235 16.481417 32.205002 ]
		Orientation
			 [ -0.999990 0.000000 -0.004443 ]
			 [ -0.002908 0.756083 0.654469 ]
			 [ 0.003360 0.654475 -0.756076 ]
	Point
		DataString "Weapon-1"
		Position [ 5.456539 16.481419 32.205002 ]
		Orientation
			 [ -0.999990 -0.000000 -0.004443 ]
			 [ -0.002908 0.756081 0.654472 ]
			 [ 0.003360 0.654479 -0.756073 ]
	Point
		DataString "Weapon-1"
		Position [ 5.456536 16.481419 38.287979 ]
		Orientation
			 [ -0.999990 -0.000000 -0.004443 ]
			 [ -0.002908 0.756081 0.654472 ]
			 [ 0.003360 0.654479 -0.756073 ]
	Point
		DataString "Weapon-1"
		Position [ -5.916239 16.481419 38.287971 ]
		Orientation
			 [ -0.999990 0.000000 -0.004443 ]
			 [ -0.002908 0.756083 0.654469 ]
			 [ 0.003360 0.654475 -0.756076 ]
	Point
		DataString "Hangar"
		Position [ -29.584475 -0.124557 -11.381540 ]
		Orientation
			 [ 1.000000 -0.000000 0.000000 ]
			 [ 0.000000 1.000000 -0.000000 ]
			 [ -0.000000 0.000000 1.000000 ]
	Point
		DataString "Hangar"
		Position [ -33.403893 -0.124557 -11.381540 ]
		Orientation
			 [ 1.000000 -0.000000 0.000000 ]
			 [ 0.000000 1.000000 -0.000000 ]
			 [ -0.000000 0.000000 1.000000 ]
	Point
		DataString "Hangar"
		Position [ -39.281334 -0.124557 -11.381540 ]
		Orientation
			 [ 1.000000 -0.000000 0.000000 ]
			 [ 0.000000 1.000000 -0.000000 ]
			 [ -0.000000 0.000000 1.000000 ]
	Point
		DataString "Hangar"
		Position [ 30.129026 -0.124559 -11.381540 ]
		Orientation
			 [ 1.000000 -0.000000 0.000000 ]
			 [ 0.000000 1.000000 -0.000000 ]
			 [ -0.000000 0.000000 1.000000 ]
	Point
		DataString "Hangar"
		Position [ 36.006474 -0.124558 -11.381538 ]
		Orientation
			 [ 1.000000 -0.000000 0.000000 ]
			 [ 0.000000 1.000000 -0.000000 ]
			 [ -0.000000 0.000000 1.000000 ]
	Point
		DataString "Hangar"
		Position [ 39.825893 -0.124557 -11.381543 ]
		Orientation
			 [ 1.000000 -0.000000 0.000000 ]
			 [ 0.000000 1.000000 -0.000000 ]
			 [ -0.000000 0.000000 1.000000 ]
	Point
		DataString "Hangar"
		Position [ 28.823265 -8.953526 -43.567245 ]
		Orientation
			 [ 1.000000 -0.000000 0.000000 ]
			 [ 0.000000 1.000000 -0.000000 ]
			 [ -0.000000 0.000000 1.000000 ]
	Point
		DataString "Hangar"
		Position [ -28.376547 -8.953526 -43.567245 ]
		Orientation
			 [ 1.000000 -0.000000 0.000000 ]
			 [ 0.000000 1.000000 -0.000000 ]
			 [ -0.000000 0.000000 1.000000 ]
	Point
		DataString "Ability-1"
		Position [ -20.166195 5.993806 -3.450086 ]
		Orientation
			 [ 1.000000 -0.000000 0.000000 ]
			 [ 0.000000 1.000000 -0.000000 ]
			 [ -0.000000 0.000000 1.000000 ]
	Point
		DataString "Ability-1"
		Position [ -20.166197 5.993806 -8.901150 ]
		Orientation
			 [ 1.000000 -0.000000 0.000000 ]
			 [ 0.000000 1.000000 -0.000000 ]
			 [ -0.000000 0.000000 1.000000 ]
	Point
		DataString "Ability-1"
		Position [ -20.166195 5.993806 -13.979867 ]
		Orientation
			 [ 1.000000 -0.000000 0.000000 ]
			 [ 0.000000 1.000000 -0.000000 ]
			 [ -0.000000 0.000000 1.000000 ]
	Point
		DataString "Ability-1"
		Position [ 19.827728 5.993806 -13.979867 ]
		Orientation
			 [ 1.000000 -0.000000 0.000000 ]
			 [ 0.000000 1.000000 -0.000000 ]
			 [ -0.000000 0.000000 1.000000 ]
	Point
		DataString "Ability-1"
		Position [ 19.827728 5.993806 -8.901150 ]
		Orientation
			 [ 1.000000 -0.000000 0.000000 ]
			 [ 0.000000 1.000000 -0.000000 ]
			 [ -0.000000 0.000000 1.000000 ]
	Point
		DataString "Ability-1"
		Position [ 19.827728 5.993807 -3.450086 ]
		Orientation
			 [ 1.000000 -0.000000 0.000000 ]
			 [ 0.000000 1.000000 -0.000000 ]
			 [ -0.000000 0.000000 1.000000 ]
	Point
		DataString "Ability-1"
		Position [ -20.166197 5.993806 -8.901150 ]
		Orientation
			 [ 0.013545 0.000000 0.999908 ]
			 [ 0.000000 1.000000 -0.000000 ]
			 [ -0.999908 0.000000 0.013545 ]
	Point
		DataString "Ability-1"
		Position [ -20.166195 5.993806 -3.450086 ]
		Orientation
			 [ 0.470407 0.000000 0.882450 ]
			 [ -0.000000 1.000000 -0.000000 ]
			 [ -0.882450 -0.000000 0.470407 ]
	Point
		DataString "Ability-1"
		Position [ -20.166195 5.993806 -13.979867 ]
		Orientation
			 [ 0.013545 0.000000 0.999908 ]
			 [ 0.477027 0.878865 -0.006462 ]
			 [ -0.878784 0.477071 0.011904 ]
	Point
		DataString "Ability-1"
		Position [ 19.827728 5.993806 -13.979867 ]
		Orientation
			 [ 0.011735 0.000000 -0.999931 ]
			 [ 0.000001 1.000000 0.000000 ]
			 [ 0.999931 -0.000001 0.011735 ]
	Point
		DataString "Ability-1"
		Position [ 19.827728 5.993806 -8.901150 ]
		Orientation
			 [ 0.011735 0.000000 -0.999931 ]
			 [ 0.000001 1.000000 0.000000 ]
			 [ 0.999931 -0.000001 0.011735 ]
	Point
		DataString "Ability-1"
		Position [ 19.827728 5.993807 -3.450086 ]
		Orientation
			 [ 0.454417 0.000000 -0.890789 ]
			 [ -0.000000 1.000000 0.000000 ]
			 [ 0.890789 0.000000 0.454417 ]
	Point
		DataString "Weapon-0"
		Position [ 41.103115 -8.640780 -55.283382 ]
		Orientation
			 [ 1.000000 -0.000000 0.000000 ]
			 [ 0.000000 1.000000 -0.000000 ]
			 [ -0.000000 0.000000 1.000000 ]
	Point
		DataString "Weapon-0"
		Position [ 46.932526 -8.640779 -55.283382 ]
		Orientation
			 [ 1.000000 -0.000000 0.000000 ]
			 [ 0.000000 1.000000 -0.000000 ]
			 [ -0.000000 0.000000 1.000000 ]
	Point
		DataString "Weapon-0"
		Position [ -43.045799 -8.640779 -55.283382 ]
		Orientation
			 [ 1.000000 -0.000000 0.000000 ]
			 [ 0.000000 1.000000 -0.000000 ]
			 [ -0.000000 0.000000 1.000000 ]
	Point
		DataString "Weapon-0"
		Position [ -47.217133 -8.640779 -55.283382 ]
		Orientation
			 [ 1.000000 -0.000000 0.000000 ]
			 [ 0.000000 1.000000 -0.000000 ]
			 [ -0.000000 0.000000 1.000000 ]
	Point
		DataString "Weapon-0"
		Position [ -47.217140 -8.640779 -73.263634 ]
		Orientation
			 [ -0.999998 -0.000000 -0.002071 ]
			 [ -0.000000 1.000000 -0.000000 ]
			 [ 0.002071 -0.000000 -0.999998 ]
	Point
		DataString "Weapon-0"
		Position [ -43.045799 -8.640778 -73.263641 ]
		Orientation
			 [ -0.999998 -0.000000 -0.002071 ]
			 [ -0.000000 1.000000 -0.000000 ]
			 [ 0.002071 -0.000000 -0.999998 ]
	Point
		DataString "Weapon-0"
		Position [ 46.932526 -8.640780 -73.263641 ]
		Orientation
			 [ -0.999998 -0.000000 -0.002071 ]
			 [ -0.000000 1.000000 -0.000000 ]
			 [ 0.002071 -0.000000 -0.999998 ]
	Point
		DataString "Weapon-0"
		Position [ 41.103115 -8.640779 -73.263641 ]
		Orientation
			 [ -0.999998 -0.000000 -0.002071 ]
			 [ -0.000000 1.000000 -0.000000 ]
			 [ 0.002071 -0.000000 -0.999998 ]
	Point
		DataString "Weapon-0"
		Position [ -0.071892 28.259367 -52.353565 ]
		Orientation
			 [ 1.000000 -0.000000 0.000000 ]
			 [ 0.000000 1.000000 -0.000000 ]
			 [ -0.000000 0.000000 1.000000 ]
	Point
		DataString "Ability-1"
		Position [ 5.993526 22.906487 -55.028038 ]
		Orientation
			 [ -0.003623 -0.000000 -0.999993 ]
			 [ 0.000001 1.000000 -0.000000 ]
			 [ 0.999993 -0.000001 -0.003623 ]
	Point
		DataString "Ability-1"
		Position [ -6.129824 22.906487 -55.028030 ]
		Orientation
			 [ 0.004806 -0.000000 0.999988 ]
			 [ -0.000003 1.000000 0.000000 ]
			 [ -0.999988 -0.000003 0.004806 ]
	Point
		DataString "Ability-1"
		Position [ -0.143613 25.715693 -48.180801 ]
		Orientation
			 [ 1.000000 -0.000000 0.000000 ]
			 [ 0.000000 1.000000 -0.000000 ]
			 [ -0.000000 0.000000 1.000000 ]
	Point
		DataString "Ability-1"
		Position [ -0.143613 25.715693 -48.180801 ]
		Orientation
			 [ -0.999930 -0.000000 0.011853 ]
			 [ -0.000000 1.000000 -0.000000 ]
			 [ -0.011853 -0.000000 -0.999930 ]
	Point
		DataString "Weapon-0"
		Position [ 5.993526 22.906487 -55.028038 ]
		Orientation
			 [ -0.003623 -0.000000 -0.999993 ]
			 [ 0.000001 1.000000 -0.000000 ]
			 [ 0.999993 -0.000001 -0.003623 ]
	Point
		DataString "Weapon-0"
		Position [ -6.129824 22.906487 -55.028030 ]
		Orientation
			 [ 0.004806 -0.000000 0.999988 ]
			 [ -0.000003 1.000000 0.000000 ]
			 [ -0.999988 -0.000003 0.004806 ]
	Point
		DataString "Weapon-0"
		Position [ -0.143613 25.715693 -48.180801 ]
		Orientation
			 [ 1.000000 -0.000000 0.000000 ]
			 [ 0.000000 1.000000 -0.000000 ]
			 [ -0.000000 0.000000 1.000000 ]
	Point
		DataString "Weapon-0"
		Position [ -0.143613 25.715693 -48.180801 ]
		Orientation
			 [ -0.999930 -0.000000 0.011853 ]
			 [ -0.000000 1.000000 -0.000000 ]
			 [ -0.011853 -0.000000 -0.999930 ]
	Point
		DataString "Weapon-2"
		Position [ 19.877823 4.239433 81.889069 ]
		Orientation
			 [ -0.020646 0.000000 -0.999787 ]
			 [ 0.000004 1.000000 0.000000 ]
			 [ 0.999787 -0.000004 -0.020646 ]
	Point
		DataString "Weapon-2"
		Position [ -19.595753 4.239433 81.889076 ]
		Orientation
			 [ 0.011688 0.000000 0.999932 ]
			 [ 0.000001 1.000000 -0.000000 ]
			 [ -0.999932 0.000001 0.011688 ]
	Point
		DataString "Weapon-2"
		Position [ -19.595751 4.239432 88.855484 ]
		Orientation
			 [ 0.999116 -0.000000 -0.042037 ]
			 [ -0.000000 1.000000 -0.000000 ]
			 [ 0.042037 0.000000 0.999116 ]
	Point
		DataString "Weapon-2"
		Position [ 19.877823 4.239433 88.855484 ]
		Orientation
			 [ 0.999780 0.000000 -0.020961 ]
			 [ -0.000000 1.000000 0.000000 ]
			 [ 0.020961 -0.000000 0.999780 ]
	Point
		DataString "Weapon-2"
		Position [ -18.568291 4.239433 97.118599 ]
		Orientation
			 [ 1.000000 -0.000000 0.000000 ]
			 [ 0.000000 1.000000 -0.000000 ]
			 [ -0.000000 0.000000 1.000000 ]
	Point
		DataString "Weapon-2"
		Position [ 18.497332 4.239434 97.118614 ]
		Orientation
			 [ 1.000000 -0.000000 0.000000 ]
			 [ 0.000000 1.000000 -0.000000 ]
			 [ -0.000000 0.000000 1.000000 ]
	Point
		DataString "Weapon-2"
		Position [ -18.232622 4.239434 104.698654 ]
		Orientation
			 [ 1.000000 -0.000000 0.000000 ]
			 [ 0.000000 1.000000 -0.000000 ]
			 [ -0.000000 0.000000 1.000000 ]
	Point
		DataString "Weapon-2"
		Position [ 17.490358 4.239434 104.698631 ]
		Orientation
			 [ 1.000000 -0.000000 0.000000 ]
			 [ 0.000000 1.000000 -0.000000 ]
			 [ -0.000000 0.000000 1.000000 ]
	Point
		DataString "Weapon-2"
		Position [ 19.886854 5.735388 39.895332 ]
		Orientation
			 [ 1.000000 -0.000000 0.000000 ]
			 [ 0.000000 1.000000 -0.000000 ]
			 [ -0.000000 0.000000 1.000000 ]
	Point
		DataString "Weapon-2"
		Position [ -20.730486 5.735387 39.895325 ]
		Orientation
			 [ 1.000000 -0.000000 0.000000 ]
			 [ 0.000000 1.000000 -0.000000 ]
			 [ -0.000000 0.000000 1.000000 ]
	Point
		DataString "Weapon-2"
		Position [ -20.730486 5.735387 30.231140 ]
		Orientation
			 [ 1.000000 -0.000000 0.000000 ]
			 [ 0.000000 1.000000 -0.000000 ]
			 [ -0.000000 0.000000 1.000000 ]
	Point
		DataString "Weapon-2"
		Position [ 19.886848 5.735388 30.231146 ]
		Orientation
			 [ 1.000000 -0.000000 0.000000 ]
			 [ 0.000000 1.000000 -0.000000 ]
			 [ -0.000000 0.000000 1.000000 ]
	Point
		DataString "Weapon-2"
		Position [ -20.730488 5.735387 20.581236 ]
		Orientation
			 [ -0.016153 -0.000000 0.999870 ]
			 [ -0.000002 1.000000 0.000000 ]
			 [ -0.999870 -0.000002 -0.016153 ]
	Point
		DataString "Weapon-2"
		Position [ 19.886850 5.735388 20.581240 ]
		Orientation
			 [ 0.014280 0.000000 -0.999898 ]
			 [ 0.000001 1.000000 0.000000 ]
			 [ 0.999898 -0.000001 0.014280 ]
	Point
		DataString "Weapon-2"
		Position [ -20.730482 5.735388 11.586748 ]
		Orientation
			 [ -0.018272 0.000000 0.999833 ]
			 [ 0.000002 1.000000 -0.000000 ]
			 [ -0.999833 0.000002 -0.018272 ]
	Point
		DataString "Weapon-2"
		Position [ 19.886852 5.735388 11.586751 ]
		Orientation
			 [ -0.006647 0.000000 -0.999978 ]
			 [ -0.000000 1.000000 0.000000 ]
			 [ 0.999978 0.000000 -0.006647 ]
	Point
		DataString "Weapon-2"
		Position [ -20.730486 5.735388 3.246697 ]
		Orientation
			 [ 0.005345 -0.000000 0.999986 ]
			 [ 0.000001 1.000000 0.000000 ]
			 [ -0.999986 0.000001 0.005345 ]
	Point
		DataString "Weapon-2"
		Position [ 19.886850 5.735388 3.246703 ]
		Orientation
			 [ 0.000592 0.000000 -1.000000 ]
			 [ 0.000001 1.000000 0.000000 ]
			 [ 1.000000 -0.000001 0.000592 ]
	Point
		DataString "Weapon-2"
		Position [ 41.103115 -8.640780 -55.283382 ]
		Orientation
			 [ 1.000000 -0.000000 0.000000 ]
			 [ 0.000000 1.000000 -0.000000 ]
			 [ -0.000000 0.000000 1.000000 ]
	Point
		DataString "Weapon-2"
		Position [ 46.932526 -8.640779 -55.283382 ]
		Orientation
			 [ 1.000000 -0.000000 0.000000 ]
			 [ 0.000000 1.000000 -0.000000 ]
			 [ -0.000000 0.000000 1.000000 ]
	Point
		DataString "Weapon-2"
		Position [ -43.045799 -8.640779 -55.283382 ]
		Orientation
			 [ 1.000000 -0.000000 0.000000 ]
			 [ 0.000000 1.000000 -0.000000 ]
			 [ -0.000000 0.000000 1.000000 ]
	Point
		DataString "Weapon-2"
		Position [ -47.217133 -8.640779 -55.283382 ]
		Orientation
			 [ 1.000000 -0.000000 0.000000 ]
			 [ 0.000000 1.000000 -0.000000 ]
			 [ -0.000000 0.000000 1.000000 ]
	Point
		DataString "Weapon-2"
		Position [ -47.217140 -8.640779 -73.263634 ]
		Orientation
			 [ -0.999998 -0.000000 -0.002071 ]
			 [ -0.000000 1.000000 -0.000000 ]
			 [ 0.002071 -0.000000 -0.999998 ]
	Point
		DataString "Weapon-2"
		Position [ -43.045799 -8.640778 -73.263641 ]
		Orientation
			 [ -0.999998 -0.000000 -0.002071 ]
			 [ -0.000000 1.000000 -0.000000 ]
			 [ 0.002071 -0.000000 -0.999998 ]
	Point
		DataString "Weapon-2"
		Position [ 46.932526 -8.640780 -73.263641 ]
		Orientation
			 [ -0.999998 -0.000000 -0.002071 ]
			 [ -0.000000 1.000000 -0.000000 ]
			 [ 0.002071 -0.000000 -0.999998 ]
	Point
		DataString "Weapon-2"
		Position [ 41.103115 -8.640779 -73.263641 ]
		Orientation
			 [ -0.999998 -0.000000 -0.002071 ]
			 [ -0.000000 1.000000 -0.000000 ]
			 [ 0.002071 -0.000000 -0.999998 ]
	Point
		DataString "Weapon-2"
		Position [ -0.071892 28.259367 -52.353565 ]
		Orientation
			 [ 1.000000 -0.000000 0.000000 ]
			 [ 0.000000 1.000000 -0.000000 ]
			 [ -0.000000 0.000000 1.000000 ]
	Point
		DataString "Weapon-2"
		Position [ 5.993526 22.906487 -55.028038 ]
		Orientation
			 [ -0.003623 -0.000000 -0.999993 ]
			 [ 0.000001 1.000000 -0.000000 ]
			 [ 0.999993 -0.000001 -0.003623 ]
	Point
		DataString "Weapon-2"
		Position [ -6.129824 22.906487 -55.028030 ]
		Orientation
			 [ 0.004806 -0.000000 0.999988 ]
			 [ -0.000003 1.000000 0.000000 ]
			 [ -0.999988 -0.000003 0.004806 ]
	Point
		DataString "Weapon-2"
		Position [ -0.143613 25.715693 -48.180801 ]
		Orientation
			 [ 1.000000 -0.000000 0.000000 ]
			 [ 0.000000 1.000000 -0.000000 ]
			 [ -0.000000 0.000000 1.000000 ]
	Point
		DataString "Weapon-2"
		Position [ -0.143613 25.715693 -48.180801 ]
		Orientation
			 [ -0.999930 -0.000000 0.011853 ]
			 [ -0.000000 1.000000 -0.000000 ]
			 [ -0.011853 -0.000000 -0.999930 ]
	Point
		DataString "Bomb"
		Position [ -5.916235 16.481417 33.152756 ]
		Orientation
			 [ 1.000000 -0.000000 0.000000 ]
			 [ 0.000000 0.886116 -0.463463 ]
			 [ -0.000000 0.463463 0.886116 ]
	Point
		DataString "Bomb"
		Position [ 5.456539 16.481419 33.152756 ]
		Orientation
			 [ 1.000000 -0.000000 0.000000 ]
			 [ 0.000000 0.886116 -0.463463 ]
			 [ -0.000000 0.463463 0.886116 ]
	Point
		DataString "Bomb"
		Position [ 5.456539 16.481419 39.235725 ]
		Orientation
			 [ 1.000000 -0.000000 0.000000 ]
			 [ 0.000000 0.886116 -0.463463 ]
			 [ -0.000000 0.463463 0.886116 ]
	Point
		DataString "Bomb"
		Position [ -5.916237 16.481419 39.235729 ]
		Orientation
			 [ 1.000000 -0.000000 0.000000 ]
			 [ 0.000000 0.886116 -0.463463 ]
			 [ -0.000000 0.463463 0.886116 ]
	Point
		DataString "Ability-0"
		Position [ -69.122856 -13.754183 -74.578659 ]
		Orientation
			 [ 1.000000 -0.000000 0.000000 ]
			 [ 0.000000 1.000000 -0.000000 ]
			 [ -0.000000 0.000000 1.000000 ]
	Point
		DataString "Ability-0"
		Position [ 69.172073 -13.743427 -74.483582 ]
		Orientation
			 [ 1.000000 -0.000000 0.000000 ]
			 [ 0.000000 1.000000 -0.000000 ]
			 [ -0.000000 0.000000 1.000000 ]
	Point
		DataString "Weapon-3"
		Position [ -13.865589 0.908356 116.468262 ]
		Orientation
			 [ 1.000000 0.000000 -0.000000 ]
			 [ 0.000000 1.000000 -0.000000 ]
			 [ -0.000000 -0.000000 1.000000 ]
	Point
		DataString "Weapon-3"
		Position [ 13.865610 0.908400 116.468300 ]
		Orientation
			 [ 1.000000 0.000000 -0.000000 ]
			 [ 0.000000 1.000000 -0.000000 ]
			 [ -0.000000 -0.000000 1.000000 ]
	Point
		DataString "Weapon-3"
		Position [ -24.826132 0.505987 30.008463 ]
		Orientation
			 [ -0.000000 0.000000 1.000000 ]
			 [ 0.000000 1.000000 -0.000000 ]
			 [ -1.000000 -0.000000 -0.000000 ]
	Point
		DataString "Weapon-3"
		Position [ 24.826101 0.506000 30.008497 ]
		Orientation
			 [ -0.000000 0.000000 -1.000000 ]
			 [ 0.000000 1.000000 -0.000000 ]
			 [ 1.000000 -0.000000 -0.000000 ]
	Point
		DataString "Weapon-3"
		Position [ 69.122894 -13.754200 -56.866108 ]
		Orientation
			 [ -0.000000 0.000000 -1.000000 ]
			 [ 0.000000 1.000000 -0.000000 ]
			 [ 1.000000 -0.000000 -0.000000 ]
	Point
		DataString "Weapon-3"
		Position [ -69.172081 -13.743429 -56.877274 ]
		Orientation
			 [ -0.000000 0.000000 1.000000 ]
			 [ 0.000000 1.000000 -0.000000 ]
			 [ -1.000000 -0.000000 -0.000000 ]
	Point
		DataString "Weapon-3"
		Position [ 69.122849 -13.754183 -74.578667 ]
		Orientation
			 [ -0.000000 0.000000 -1.000000 ]
			 [ 0.000000 1.000000 -0.000000 ]
			 [ 1.000000 -0.000000 -0.000000 ]
	Point
		DataString "Weapon-3"
		Position [ -69.172081 -13.743427 -74.483574 ]
		Orientation
			 [ -0.000000 0.000000 1.000000 ]
			 [ 0.000000 1.000000 -0.000000 ]
			 [ -1.000000 -0.000000 -0.000000 ]
	NumVertices 3569
	Vertex
		Position [ -16.245474 -4.931584 -108.235596 ]
		Normal [ 0.780826 0.218025 -0.585470 ]
		Tangent [ 0.000009 -0.000001 1.000000 ]
		Color 0
		U0 0.531619
		V0 0.042114
		U1 0.000000
		V1 0.000000
	Vertex
		Position [ -16.245481 -4.931583 -109.117561 ]
		Normal [ 0.629541 0.133241 -0.765457 ]
		Tangent [ 0.000009 -0.000001 1.000000 ]
		Color 0
		U0 0.530314
		V0 0.042114
		U1 0.000000
		V1 0.000000
	Vertex
		Position [ -16.245478 10.199665 -114.496902 ]
		Normal [ 0.626843 -0.406643 -0.664613 ]
		Tangent [ 0.000009 -0.000001 1.000000 ]
		Color 0
		U0 0.522350
		V0 0.064516
		U1 0.000000
		V1 0.000000
	Vertex
		Position [ -16.245472 10.199666 -108.235596 ]
		Normal [ 0.792910 -0.505909 -0.339631 ]
		Tangent [ 0.000001 0.000000 1.000000 ]
		Color 0
		U0 0.531619
		V0 0.064516
		U1 0.000000
		V1 0.000000
	Vertex
		Position [ -16.245481 -4.931583 -109.117561 ]
		Normal [ 0.629541 0.133241 -0.765457 ]
		Tangent [ -0.999983 -0.000029 -0.005855 ]
		Color 0
		U0 0.565918
		V0 0.064559
		U1 0.000000
		V1 0.000000
	Vertex
		Position [ -16.953495 -6.249136 -108.653870 ]
		Normal [ -0.626205 -0.410512 -0.662833 ]
		Tangent [ -0.999983 -0.000029 -0.005855 ]
		Color 0
		U0 0.566966
		V0 0.066509
		U1 0.000000
		V1 0.000000
	Vertex
		Position [ -16.953493 11.517219 -114.962456 ]
		Normal [ -0.628262 0.133616 -0.766443 ]
		Tangent [ -0.999983 -0.000029 -0.005855 ]
		Color 0
		U0 0.566966
		V0 0.040206
		U1 0.000000
		V1 0.000000
	Vertex
		Position [ -16.245478 10.199665 -114.496902 ]
		Normal [ 0.626843 -0.406643 -0.664613 ]
		Tangent [ -0.999992 0.000035 0.004017 ]
		Color 0
		U0 0.565918
		V0 0.042156
		U1 0.000000
		V1 0.000000
	Vertex
		Position [ -16.953495 -6.249136 -108.653870 ]
		Normal [ -0.626205 -0.410512 -0.662833 ]
		Tangent [ 0.000000 0.000000 1.000000 ]
		Color 0
		U0 0.020394
		V0 0.112806
		U1 0.000000
		V1 0.000000
	Vertex
		Position [ -16.953491 -6.249134 -40.522602 ]
		Normal [ -0.913043 -0.407864 -0.000017 ]
		Tangent [ 0.000000 0.000000 1.000000 ]
		Color 0
		U0 0.145473
		V0 0.112806
		U1 0.000000
		V1 0.000000
	Vertex
		Position [ -16.953484 11.517223 3.383025 ]
		Normal [ -0.902362 0.372841 0.216178 ]
		Tangent [ 0.000000 0.000000 1.000000 ]
		Color 0
		U0 0.226076
		V0 0.080189
		U1 0.000000
		V1 0.000000
	Vertex
		Position [ -16.953493 11.517219 -114.962456 ]
		Normal [ -0.628262 0.133616 -0.766443 ]
		Tangent [ 0.000000 0.000000 1.000000 ]
		Color 0
		U0 0.008812
		V0 0.080189
		U1 0.000000
		V1 0.000000
	Vertex
		Position [ -16.953489 -6.252934 -10.189552 ]
		Normal [ -0.913160 -0.397730 -0.089163 ]
		Tangent [ 0.000000 -0.000000 1.000000 ]
		Color 0
		U0 0.201159
		V0 0.112813
		U1 0.000000
		V1 0.000000
	Vertex
		Position [ -16.953485 7.877765 7.284592 ]
		Normal [ -0.913325 0.393055 0.106512 ]
		Tangent [ 0.000000 -0.000000 1.000000 ]
		Color 0
		U0 0.233239
		V0 0.086871
		U1 0.000000
		V1 0.000000
	Vertex
		Position [ -16.953493 -11.465131 -3.098530 ]
		Normal [ -0.861115 -0.460269 -0.215946 ]
		Tangent [ -0.000000 0.000001 1.000000 ]
		Color 0
		U0 0.214177
		V0 0.122382
		U1 0.000000
		V1 0.000000
	Vertex
		Position [ -16.953485 7.902341 38.757977 ]
		Normal [ -0.949178 0.284264 -0.135113 ]
		Tangent [ -0.000000 0.000001 1.000000 ]
		Color 0
		U0 0.291019
		V0 0.086826
		U1 0.000000
		V1 0.000000
	Vertex
		Position [ -16.953491 -6.281078 89.943779 ]
		Normal [ -0.957951 -0.286783 0.009226 ]
		Tangent [ 0.123260 0.000000 0.992374 ]
		Color 0
		U0 0.384989
		V0 0.112864
		U1 0.000000
		V1 0.000000
	Vertex
		Position [ -15.093694 -12.577660 104.493698 ]
		Normal [ -0.921068 -0.389400 -0.000580 ]
		Tangent [ 0.123260 0.000000 0.992374 ]
		Color 0
		U0 0.411700
		V0 0.124424
		U1 0.000000
		V1 0.000000
	Vertex
		Position [ -14.119023 6.405710 113.617371 ]
		Normal [ -0.920554 0.359701 0.152301 ]
		Tangent [ 0.123260 0.000000 0.992374 ]
		Color 0
		U0 0.428450
		V0 0.089573
		U1 0.000000
		V1 0.000000
	Vertex
		Position [ -15.093690 6.405708 101.070679 ]
		Normal [ -0.876193 0.469964 0.106866 ]
		Tangent [ 0.077450 0.000000 0.996996 ]
		Color 0
		U0 0.405416
		V0 0.089573
		U1 0.000000
		V1 0.000000
	Vertex
		Position [ -12.420343 -11.961061 128.663055 ]
		Normal [ -0.915497 -0.371475 0.154504 ]
		Tangent [ 0.109939 0.000001 0.993938 ]
		Color 0
		U0 0.456071
		V0 0.123292
		U1 0.000000
		V1 0.000000
	Vertex
		Position [ -12.420344 2.563123 128.663055 ]
		Normal [ -0.913639 0.328198 0.239895 ]
		Tangent [ 0.109939 0.000001 0.993938 ]
		Color 0
		U0 0.456071
		V0 0.096628
		U1 0.000000
		V1 0.000000
	Vertex
		Position [ -8.048454 -11.226381 149.322037 ]
		Normal [ -0.455790 -0.662728 0.594177 ]
		Tangent [ 0.212151 0.000001 0.977237 ]
		Color 0
		U0 0.493998
		V0 0.121943
		U1 0.000000
		V1 0.000000
	Vertex
		Position [ -8.048451 -6.273138 152.832443 ]
		Normal [ -0.615885 -0.283128 0.735203 ]
		Tangent [ 0.212151 0.000001 0.977237 ]
		Color 0
		U0 0.500442
		V0 0.112850
		U1 0.000000
		V1 0.000000
	Vertex
		Position [ -15.046942 -5.706419 -108.235573 ]
		Normal [ 0.159457 0.877108 -0.453051 ]
		Tangent [ -0.936013 0.351964 0.000074 ]
		Color 0
		U0 0.598451
		V0 0.023132
		U1 0.000000
		V1 0.000000
	Vertex
		Position [ -15.046948 -5.706419 -108.846184 ]
		Normal [ 0.121255 0.304095 -0.944893 ]
		Tangent [ -0.936013 0.351964 0.000074 ]
		Color 0
		U0 0.598451
		V0 0.024036
		U1 0.000000
		V1 0.000000
	Vertex
		Position [ -15.622003 -5.490184 -108.930084 ]
		Normal [ 0.388961 0.454364 -0.801413 ]
		Tangent [ -0.936013 0.351964 0.000074 ]
		Color 0
		U0 0.599302
		V0 0.024160
		U1 0.000000
		V1 0.000000
	Vertex
		Position [ -15.621996 -5.490183 -108.235573 ]
		Normal [ 0.400568 0.576085 -0.712510 ]
		Tangent [ -0.936013 0.351965 0.000000 ]
		Color 0
		U0 0.599302
		V0 0.023132
		U1 0.000000
		V1 0.000000
	Vertex
		Position [ -15.046948 -5.706419 -108.846184 ]
		Normal [ 0.121255 0.304095 -0.944893 ]
		Tangent [ -0.999996 0.000027 -0.002933 ]
		Color 0
		U0 0.564143
		V0 0.065706
		U1 0.000000
		V1 0.000000
	Vertex
		Position [ -15.546242 -7.158909 -108.318802 ]
		Normal [ -0.123148 -0.860007 -0.495199 ]
		Tangent [ -0.999996 0.000027 -0.002933 ]
		Color 0
		U0 0.564882
		V0 0.067856
		U1 0.000000
		V1 0.000000
	Vertex
		Position [ -16.221439 -6.905018 -108.413216 ]
		Normal [ -0.351793 -0.725644 -0.591340 ]
		Tangent [ -0.999996 0.000027 -0.002933 ]
		Color 0
		U0 0.565882
		V0 0.067480
		U1 0.000000
		V1 0.000000
	Vertex
		Position [ -15.622003 -5.490184 -108.930084 ]
		Normal [ 0.388961 0.454364 -0.801413 ]
		Tangent [ -0.999973 0.000011 -0.007362 ]
		Color 0
		U0 0.564994
		V0 0.065385
		U1 0.000000
		V1 0.000000
	Vertex
		Position [ -15.546242 -7.158909 -108.318802 ]
		Normal [ -0.123148 -0.860007 -0.495199 ]
		Tangent [ 0.000000 0.000000 1.000000 ]
		Color 0
		U0 0.004396
		V0 0.133857
		U1 0.000000
		V1 0.000000
	Vertex
		Position [ -15.546235 -7.158906 -40.522602 ]
		Normal [ -0.214498 -0.976724 -0.000073 ]
		Tangent [ 0.000000 0.000000 1.000000 ]
		Color 0
		U0 0.133706
		V0 0.133857
		U1 0.000000
		V1 0.000000
	Vertex
		Position [ -16.221436 -6.905015 -40.522598 ]
		Normal [ -0.518520 -0.855066 -0.000051 ]
		Tangent [ 0.000000 0.000000 1.000000 ]
		Color 0
		U0 0.133706
		V0 0.132569
		U1 0.000000
		V1 0.000000
	Vertex
		Position [ -16.221439 -6.905018 -108.413216 ]
		Normal [ -0.351793 -0.725644 -0.591340 ]
		Tangent [ 0.000000 0.000000 1.000000 ]
		Color 0
		U0 0.004216
		V0 0.132569
		U1 0.000000
		V1 0.000000
	Vertex
		Position [ -15.546233 -7.162707 -10.189551 ]
		Normal [ -0.165333 -0.937478 -0.306268 ]
		Tangent [ 0.000000 -0.000125 1.000000 ]
		Color 0
		U0 0.191562
		V0 0.133857
		U1 0.000000
		V1 0.000000
	Vertex
		Position [ -16.221434 -6.908815 -10.189557 ]
		Normal [ -0.497566 -0.824858 -0.268398 ]
		Tangent [ 0.000000 -0.000125 1.000000 ]
		Color 0
		U0 0.191562
		V0 0.132569
		U1 0.000000
		V1 0.000000
	Vertex
		Position [ -15.546238 -12.374905 -3.098530 ]
		Normal [ -0.176543 -0.933371 -0.312491 ]
		Tangent [ -0.000001 -0.592259 0.805748 ]
		Color 0
		U0 0.205087
		V0 0.133857
		U1 0.000000
		V1 0.000000
	Vertex
		Position [ -16.221437 -12.121012 -3.098530 ]
		Normal [ -0.503236 -0.815463 -0.285961 ]
		Tangent [ -0.000001 -0.592259 0.805748 ]
		Color 0
		U0 0.205087
		V0 0.132569
		U1 0.000000
		V1 0.000000
	Vertex
		Position [ -15.546237 -12.449208 23.862595 ]
		Normal [ -0.170974 -0.956613 0.235923 ]
		Tangent [ 0.000000 -0.002756 0.999996 ]
		Color 0
		U0 0.256511
		V0 0.133857
		U1 0.000000
		V1 0.000000
	Vertex
		Position [ -16.221437 -12.195316 23.862595 ]
		Normal [ -0.506662 -0.837722 0.203751 ]
		Tangent [ 0.000000 -0.002756 0.999996 ]
		Color 0
		U0 0.256511
		V0 0.132569
		U1 0.000000
		V1 0.000000
	Vertex
		Position [ -15.546237 -7.171704 33.766235 ]
		Normal [ -0.177552 -0.954016 0.241512 ]
		Tangent [ 0.000000 0.470280 0.882517 ]
		Color 0
		U0 0.275400
		V0 0.133857
		U1 0.000000
		V1 0.000000
	Vertex
		Position [ -16.221437 -6.917811 33.766232 ]
		Normal [ -0.509770 -0.832009 0.218850 ]
		Tangent [ 0.000000 0.470280 0.882517 ]
		Color 0
		U0 0.275400
		V0 0.132569
		U1 0.000000
		V1 0.000000
	Vertex
		Position [ -15.546235 -7.190851 89.943779 ]
		Normal [ -0.181002 -0.965976 -0.184742 ]
		Tangent [ 0.000000 -0.000341 1.000000 ]
		Color 0
		U0 0.382550
		V0 0.133857
		U1 0.000000
		V1 0.000000
	Vertex
		Position [ -16.221436 -6.936959 89.943787 ]
		Normal [ -0.522152 -0.842154 -0.134665 ]
		Tangent [ 0.000000 -0.000341 1.000000 ]
		Color 0
		U0 0.382550
		V0 0.132569
		U1 0.000000
		V1 0.000000
	Vertex
		Position [ -13.840801 -13.487431 104.493698 ]
		Normal [ -0.181002 -0.973329 -0.140960 ]
		Tangent [ 0.000003 -0.357871 0.933771 ]
		Color 0
		U0 0.410302
		V0 0.137109
		U1 0.000000
		V1 0.000000
	Vertex
		Position [ -14.441938 -13.233540 104.493698 ]
		Normal [ -0.566947 -0.816452 -0.109438 ]
		Tangent [ 0.000003 -0.357871 0.933771 ]
		Color 0
		U0 0.410302
		V0 0.135963
		U1 0.000000
		V1 0.000000
	Vertex
		Position [ -11.389338 -12.870836 128.663071 ]
		Normal [ -0.243805 -0.966145 0.084403 ]
		Tangent [ -0.000003 0.077339 0.997005 ]
		Color 0
		U0 0.456401
		V0 0.141785
		U1 0.000000
		V1 0.000000
	Vertex
		Position [ -11.884014 -12.616943 128.663071 ]
		Normal [ -0.574253 -0.809672 0.121099 ]
		Tangent [ -0.000003 0.077339 0.997005 ]
		Color 0
		U0 0.456401
		V0 0.140842
		U1 0.000000
		V1 0.000000
	Vertex
		Position [ -7.380315 -11.599715 149.057281 ]
		Normal [ -0.052450 -0.866320 0.496728 ]
		Tangent [ -0.000006 0.119890 0.992787 ]
		Color 0
		U0 0.495299
		V0 0.149432
		U1 0.000000
		V1 0.000000
	Vertex
		Position [ -7.700888 -11.495528 149.130966 ]
		Normal [ -0.237633 -0.814587 0.529129 ]
		Tangent [ -0.000006 0.119890 0.992787 ]
		Color 0
		U0 0.495440
		V0 0.148820
		U1 0.000000
		V1 0.000000
	Vertex
		Position [ -16.245481 -4.931583 -109.117561 ]
		Normal [ 0.629541 0.133241 -0.765457 ]
		Tangent [ -0.744794 0.667295 -0.000036 ]
		Color 0
		U0 0.600225
		V0 0.024438
		U1 0.000000
		V1 0.000000
	Vertex
		Position [ -16.245474 -4.931584 -108.235596 ]
		Normal [ 0.780826 0.218025 -0.585470 ]
		Tangent [ -0.744796 0.667293 0.000021 ]
		Color 0
		U0 0.600225
		V0 0.023132
		U1 0.000000
		V1 0.000000
	Vertex
		Position [ -16.221439 -6.905018 -108.413216 ]
		Normal [ -0.351793 -0.725644 -0.591340 ]
		Tangent [ 0.000000 0.000000 1.000000 ]
		Color 0
		U0 0.020836
		V0 0.114010
		U1 0.000000
		V1 0.000000
	Vertex
		Position [ -16.221436 -6.905015 -40.522598 ]
		Normal [ -0.518520 -0.855066 -0.000051 ]
		Tangent [ 0.000000 0.000000 1.000000 ]
		Color 0
		U0 0.145473
		V0 0.114010
		U1 0.000000
		V1 0.000000
	Vertex
		Position [ -16.221434 -6.908815 -10.189557 ]
		Normal [ -0.497566 -0.824858 -0.268398 ]
		Tangent [ -0.000139 -0.000001 1.000000 ]
		Color 0
		U0 0.201159
		V0 0.114017
		U1 0.000000
		V1 0.000000
	Vertex
		Position [ -16.221437 -12.121012 -3.098530 ]
		Normal [ -0.503236 -0.815463 -0.285961 ]
		Tangent [ -0.634277 0.000012 0.773106 ]
		Color 0
		U0 0.214177
		V0 0.123586
		U1 0.000000
		V1 0.000000
	Vertex
		Position [ -16.221437 -12.195316 23.862595 ]
		Normal [ -0.506662 -0.837722 0.203751 ]
		Tangent [ -0.003078 0.000002 0.999995 ]
		Color 0
		U0 0.263674
		V0 0.123722
		U1 0.000000
		V1 0.000000
	Vertex
		Position [ -16.953493 -11.539435 23.862595 ]
		Normal [ -0.872747 -0.481489 0.080502 ]
		Tangent [ -0.003078 0.000002 0.999995 ]
		Color 0
		U0 0.263674
		V0 0.122518
		U1 0.000000
		V1 0.000000
	Vertex
		Position [ -16.221437 -6.917811 33.766232 ]
		Normal [ -0.509770 -0.832009 0.218850 ]
		Tangent [ 0.511200 -0.000011 0.859461 ]
		Color 0
		U0 0.281855
		V0 0.114033
		U1 0.000000
		V1 0.000000
	Vertex
		Position [ -16.953493 -6.261930 33.766235 ]
		Normal [ -0.908781 -0.394292 0.136572 ]
		Tangent [ 0.511200 -0.000011 0.859461 ]
		Color 0
		U0 0.281855
		V0 0.112829
		U1 0.000000
		V1 0.000000
	Vertex
		Position [ -16.221436 -6.936959 89.943787 ]
		Normal [ -0.522152 -0.842154 -0.134665 ]
		Tangent [ -0.000381 0.000000 1.000000 ]
		Color 0
		U0 0.384989
		V0 0.114069
		U1 0.000000
		V1 0.000000
	Vertex
		Position [ -14.441938 -13.233540 104.493698 ]
		Normal [ -0.566947 -0.816452 -0.109438 ]
		Tangent [ -0.294109 -0.000013 0.955772 ]
		Color 0
		U0 0.411700
		V0 0.125628
		U1 0.000000
		V1 0.000000
	Vertex
		Position [ -11.884014 -12.616943 128.663071 ]
		Normal [ -0.574253 -0.809672 0.121099 ]
		Tangent [ 0.125689 0.000001 0.992070 ]
		Color 0
		U0 0.456071
		V0 0.124496
		U1 0.000000
		V1 0.000000
	Vertex
		Position [ -7.700888 -11.495528 149.130966 ]
		Normal [ -0.237633 -0.814587 0.529129 ]
		Tangent [ 0.275218 -0.000007 0.961382 ]
		Color 0
		U0 0.493647
		V0 0.122437
		U1 0.000000
		V1 0.000000
	Vertex
		Position [ -7.105846 -11.012119 148.326675 ]
		Normal [ 0.166368 0.184986 0.968557 ]
		Tangent [ -0.999232 -0.022578 0.032032 ]
		Color 0
		U0 0.487947
		V0 0.202533
