TXT
MeshData
	maxDiffuseMipLevel 0
	hasValidTangents TRUE
	BoundingRadius 94.771875
	MaxBoundingExtents [ 45.136482 15.2549994 94.2406038 ]
	MinBoundingExtents [ -44.9321136 -7.7570262 -74.9694306 ]
	NumMaterials 1
	Material
		DiffuseTextureFileName "Human_CruiserCarrier_Cerberus-cl.dds"
		SelfIlluminationTextureFileName "Human_CruiserCarrier_Cerberus-da.dds"
		NormalTextureFileName "Human_CruiserCarrier_Cerberus-nm.dds"
		DisplacementTextureFileName ""
		TeamColorTextureFileName ""
		Diffuse ffffffff
		Ambient ffffffff
		Specular ffffffff
		Emissive ffffffff
		Glossiness 9.999999
	NumPoints 58
	Point
		DataString "Weapon-2"
		Position [ -22.1221044 2.4199746 53.9404176 ]
		Orientation
			 [ 1.000000 0.000000 0.000000 ]
			 [ 0.000000 0.999999 0.001473 ]
			 [ 0.000000 -0.001473 0.999999 ]
	Point
		DataString "Weapon-2"
		Position [ 22.5297888 2.4199746 53.9404176 ]
		Orientation
			 [ 1.000000 0.000000 0.000000 ]
			 [ 0.000000 0.999999 0.001473 ]
			 [ 0.000000 -0.001473 0.999999 ]
	Point
		DataString "Weapon-2"
		Position [ -22.1221158 3.045471 44.5189362 ]
		Orientation
			 [ 0.714481 0.000001 0.699655 ]
			 [ -0.001032 0.999999 0.001053 ]
			 [ -0.699655 -0.001473 0.714479 ]
	Point
		DataString "Weapon-2"
		Position [ 22.5297888 3.0454668 44.5189086 ]
		Orientation
			 [ 0.456247 0.000000 -0.889853 ]
			 [ 0.001311 0.999999 0.000672 ]
			 [ 0.889852 -0.001473 0.456247 ]
	Point
		DataString "Weapon-2"
		Position [ -22.1221044 5.7177714 35.3022102 ]
		Orientation
			 [ 1.000000 0.000000 0.000000 ]
			 [ 0.000000 0.999999 0.001473 ]
			 [ 0.000000 -0.001473 0.999999 ]
	Point
		DataString "Weapon-2"
		Position [ 22.5297888 5.717769 35.3022036 ]
		Orientation
			 [ 1.000000 0.000000 0.000000 ]
			 [ 0.000000 0.999999 0.001473 ]
			 [ 0.000000 -0.001473 0.999999 ]
	Point
		DataString "Weapon-2"
		Position [ 23.7073974 12.3403554 -62.3887848 ]
		Orientation
			 [ -0.833608 0.009352 -0.552277 ]
			 [ -0.011682 0.999335 0.034555 ]
			 [ 0.552233 0.035257 -0.832944 ]
	Point
		DataString "Weapon-2"
		Position [ -23.3672334 12.3403596 -62.3887758 ]
		Orientation
			 [ -0.834054 0.009356 0.551603 ]
			 [ 0.034070 0.998821 0.034573 ]
			 [ -0.550629 0.047629 -0.833390 ]
	Point
		DataString "Weapon-2"
		Position [ 0.2827476 12.3403596 -62.3887758 ]
		Orientation
			 [ -0.999205 0.011210 -0.038258 ]
			 [ 0.009623 0.999095 0.041419 ]
			 [ 0.038688 0.041018 -0.998409 ]
	Point
		DataString "Weapon-2"
		Position [ -17.2347486 12.7786158 -8.0703012 ]
		Orientation
			 [ 0.704970 0.000000 0.709237 ]
			 [ 0.000000 1.000000 0.000000 ]
			 [ -0.709237 0.000000 0.704970 ]
	Point
		DataString "Weapon-2"
		Position [ 17.687613 12.7786092 -8.0703012 ]
		Orientation
			 [ 0.766571 0.000000 -0.642160 ]
			 [ 0.000001 1.000000 0.000000 ]
			 [ 0.642160 0.000000 0.766571 ]
	Point
		DataString "Weapon-2"
		Position [ -17.2347498 12.7786206 -15.8219514 ]
		Orientation
			 [ 0.704970 0.000000 0.709237 ]
			 [ 0.000000 1.000000 0.000000 ]
			 [ -0.709237 0.000000 0.704970 ]
	Point
		DataString "Weapon-2"
		Position [ 17.6876094 12.778617 -15.821949 ]
		Orientation
			 [ 0.766571 0.000000 -0.642160 ]
			 [ 0.000001 1.000000 0.000000 ]
			 [ 0.642160 0.000000 0.766571 ]
	Point
		DataString "Weapon-2"
		Position [ 0.2827476 12.7786158 0.0000012 ]
		Orientation
			 [ 1.000000 0.000000 0.000000 ]
			 [ 0.000000 1.000000 0.000000 ]
			 [ 0.000000 0.000000 1.000000 ]
	Point
		DataString "Weapon-2"
		Position [ 17.6876094 12.7786158 0.0000036 ]
		Orientation
			 [ 0.766571 0.000000 -0.642160 ]
			 [ 0.000001 1.000000 0.000000 ]
			 [ 0.642160 0.000000 0.766571 ]
	Point
		DataString "Weapon-2"
		Position [ -17.2347498 12.7786218 0.000000 ]
		Orientation
			 [ 0.704970 0.000000 0.709237 ]
			 [ 0.000000 1.000000 0.000000 ]
			 [ -0.709237 0.000000 0.704970 ]
	Point
		DataString "Exhaust"
		Position [ 31.7380506 -2.746032 -58.4639556 ]
		Orientation
			 [ -0.999205 0.011210 -0.038258 ]
			 [ 0.009623 0.999095 0.041419 ]
			 [ 0.038688 0.041018 -0.998409 ]
	Point
		DataString "Exhaust"
		Position [ 20.1711732 -2.7460248 -57.3120666 ]
		Orientation
			 [ -0.999205 0.011210 -0.038258 ]
			 [ 0.009623 0.999095 0.041419 ]
			 [ 0.038688 0.041018 -0.998409 ]
	Point
		DataString "Exhaust"
		Position [ -20.5514124 -2.7460248 -57.3120576 ]
		Orientation
			 [ -0.999205 0.011210 -0.038258 ]
			 [ 0.009623 0.999095 0.041419 ]
			 [ 0.038688 0.041018 -0.998409 ]
	Point
		DataString "Exhaust"
		Position [ -31.1692338 -2.746032 -58.4639646 ]
		Orientation
			 [ -0.999205 0.011210 -0.038258 ]
			 [ 0.009623 0.999095 0.041419 ]
			 [ 0.038688 0.041018 -0.998409 ]
	Point
		DataString "Weapon-1"
		Position [ -22.1221044 2.4199746 53.9404176 ]
		Orientation
			 [ 1.000000 0.000000 0.000000 ]
			 [ 0.000000 0.999999 0.001473 ]
			 [ 0.000000 -0.001473 0.999999 ]
	Point
		DataString "Weapon-1"
		Position [ 22.5297888 2.4199746 53.9404176 ]
		Orientation
			 [ 1.000000 0.000000 0.000000 ]
			 [ 0.000000 0.999999 0.001473 ]
			 [ 0.000000 -0.001473 0.999999 ]
	Point
		DataString "Weapon-1"
		Position [ -22.1221158 3.045471 44.5189362 ]
		Orientation
			 [ 0.714481 0.000001 0.699655 ]
			 [ -0.001032 0.999999 0.001053 ]
			 [ -0.699655 -0.001473 0.714479 ]
	Point
		DataString "Weapon-1"
		Position [ 22.5297888 3.0454668 44.5189086 ]
		Orientation
			 [ 0.456247 0.000000 -0.889853 ]
			 [ 0.001311 0.999999 0.000672 ]
			 [ 0.889852 -0.001473 0.456247 ]
	Point
		DataString "Weapon-1"
		Position [ -22.1221044 5.7177714 35.3022102 ]
		Orientation
			 [ 1.000000 0.000000 0.000000 ]
			 [ 0.000000 0.999999 0.001473 ]
			 [ 0.000000 -0.001473 0.999999 ]
	Point
		DataString "Weapon-1"
		Position [ 22.5297888 5.717769 35.3022036 ]
		Orientation
			 [ 1.000000 0.000000 0.000000 ]
			 [ 0.000000 0.999999 0.001473 ]
			 [ 0.000000 -0.001473 0.999999 ]
	Point
		DataString "Weapon-1"
		Position [ 23.7073974 12.3403554 -62.3887848 ]
		Orientation
			 [ -0.833608 0.009352 -0.552277 ]
			 [ -0.011682 0.999335 0.034555 ]
			 [ 0.552233 0.035257 -0.832944 ]
	Point
		DataString "Weapon-1"
		Position [ -23.3672334 12.3403596 -62.3887758 ]
		Orientation
			 [ -0.834054 0.009356 0.551603 ]
			 [ 0.034070 0.998821 0.034573 ]
			 [ -0.550629 0.047629 -0.833390 ]
	Point
		DataString "Weapon-1"
		Position [ 0.2827476 12.3403596 -62.3887758 ]
		Orientation
			 [ -0.999205 0.011210 -0.038258 ]
			 [ 0.009623 0.999095 0.041419 ]
			 [ 0.038688 0.041018 -0.998409 ]
	Point
		DataString "Weapon-1"
		Position [ -17.2347486 12.7786158 -8.0703012 ]
		Orientation
			 [ 0.704970 0.000000 0.709237 ]
			 [ 0.000000 1.000000 0.000000 ]
			 [ -0.709237 0.000000 0.704970 ]
	Point
		DataString "Weapon-1"
		Position [ 17.687613 12.7786092 -8.0703012 ]
		Orientation
			 [ 0.766571 0.000000 -0.642160 ]
			 [ 0.000001 1.000000 0.000000 ]
			 [ 0.642160 0.000000 0.766571 ]
	Point
		DataString "Weapon-1"
		Position [ -17.2347498 12.7786206 -15.8219514 ]
		Orientation
			 [ 0.704970 0.000000 0.709237 ]
			 [ 0.000000 1.000000 0.000000 ]
			 [ -0.709237 0.000000 0.704970 ]
	Point
		DataString "Weapon-1"
		Position [ 17.6876094 12.778617 -15.821949 ]
		Orientation
			 [ 0.766571 0.000000 -0.642160 ]
			 [ 0.000001 1.000000 0.000000 ]
			 [ 0.642160 0.000000 0.766571 ]
	Point
		DataString "Weapon-1"
		Position [ -17.2347498 12.7786218 0.000000 ]
		Orientation
			 [ 0.704970 0.000000 0.709237 ]
			 [ 0.000000 1.000000 0.000000 ]
			 [ -0.709237 0.000000 0.704970 ]
	Point
		DataString "Weapon-1"
		Position [ 17.6876094 12.7786158 0.0000036 ]
		Orientation
			 [ 0.766571 0.000000 -0.642160 ]
			 [ 0.000001 1.000000 0.000000 ]
			 [ 0.642160 0.000000 0.766571 ]
	Point
		DataString "Weapon-1"
		Position [ 0.2827476 12.7786158 0.0000012 ]
		Orientation
			 [ 1.000000 0.000000 0.000000 ]
			 [ 0.000000 1.000000 0.000000 ]
			 [ 0.000000 0.000000 1.000000 ]
	Point
		DataString "Weapon-0"
		Position [ -6.9616854 9.513372 32.760663 ]
		Orientation
			 [ 1.000000 0.000000 0.000000 ]
			 [ 0.000000 0.788795 -0.614656 ]
			 [ 0.000000 0.614656 0.788795 ]
	Point
		DataString "Weapon-0"
		Position [ 9.3672762 9.5133678 32.7606444 ]
		Orientation
			 [ 1.000000 0.000000 0.000000 ]
			 [ 0.000000 0.788795 -0.614656 ]
			 [ 0.000000 0.614656 0.788795 ]
	Point
		DataString "Weapon-0"
		Position [ -6.9616854 9.5133702 26.284236 ]
		Orientation
			 [ 1.000000 0.000000 0.000000 ]
			 [ 0.000000 0.788795 -0.614656 ]
			 [ 0.000000 0.614656 0.788795 ]
	Point
		DataString "Weapon-0"
		Position [ 9.3672762 9.5133654 26.2842246 ]
		Orientation
			 [ 1.000000 0.000000 0.000000 ]
			 [ 0.000000 0.788795 -0.614656 ]
			 [ 0.000000 0.614656 0.788795 ]
	Point
		DataString "Weapon-0"
		Position [ 9.3672774 9.513369 19.4090286 ]
		Orientation
			 [ 1.000000 0.000000 0.000000 ]
			 [ 0.000000 0.788795 -0.614656 ]
			 [ 0.000000 0.614656 0.788795 ]
	Point
		DataString "Weapon-0"
		Position [ -6.961686 9.5133678 19.409022 ]
		Orientation
			 [ 1.000000 0.000000 0.000000 ]
			 [ 0.000000 0.788795 -0.614656 ]
			 [ 0.000000 0.614656 0.788795 ]
	Point
		DataString "Ability-0"
		Position [ -6.7451778 6.8085462 60.4450104 ]
		Orientation
			 [ 1.000000 0.000000 0.000000 ]
			 [ 0.000000 1.000000 0.000000 ]
			 [ 0.000000 0.000000 1.000000 ]
	Point
		DataString "Bomb"
		Position [ -4.3315884 -6.877911 0.000000 ]
		Orientation
			 [ 1.000000 0.000000 0.000000 ]
			 [ 0.000000 0.800152 0.599797 ]
			 [ 0.000000 -0.599797 0.800152 ]
	Point
		DataString "Bomb"
		Position [ 5.1170448 -6.8779116 -0.000006 ]
		Orientation
			 [ 1.000000 0.000000 0.000000 ]
			 [ 0.000000 0.800152 0.599797 ]
			 [ 0.000000 -0.599797 0.800152 ]
	Point
		DataString "Bomb"
		Position [ 0.2827476 -6.8779116 0.0000006 ]
		Orientation
			 [ 1.000000 0.000000 0.000000 ]
			 [ 0.000000 0.800152 0.599797 ]
			 [ 0.000000 -0.599797 0.800152 ]
	Point
		DataString "Hangar"
		Position [ -37.3975752 -3.18537 -12.3560898 ]
		Orientation
			 [ 1.000000 0.000000 0.000000 ]
			 [ 0.000000 1.000000 0.000000 ]
			 [ 0.000000 0.000000 1.000000 ]
	Point
		DataString "Hangar"
		Position [ 35.830497 -3.1853712 -12.356091 ]
		Orientation
			 [ 1.000000 0.000000 0.000000 ]
			 [ 0.000000 1.000000 0.000000 ]
			 [ 0.000000 0.000000 1.000000 ]
	Point
		DataString "Hangar"
		Position [ -37.3975752 -3.18537 -12.3560898 ]
		Orientation
			 [ 1.000000 0.000000 0.000000 ]
			 [ 0.000000 1.000000 0.000000 ]
			 [ 0.000000 0.000000 1.000000 ]
	Point
		DataString "Hangar"
		Position [ 35.830497 -3.1853712 -12.356091 ]
		Orientation
			 [ 1.000000 0.000000 0.000000 ]
			 [ 0.000000 1.000000 0.000000 ]
			 [ 0.000000 0.000000 1.000000 ]
	Point
		DataString "Ability-1"
		Position [ 9.58506 0.3152286 88.634628 ]
		Orientation
			 [ 1.000000 0.000000 0.000000 ]
			 [ 0.000000 1.000000 0.000000 ]
			 [ 0.000000 0.000000 1.000000 ]
	Point
		DataString "Ability-0"
		Position [ 8.0110914 6.808551 60.4450104 ]
		Orientation
			 [ 1.000000 0.000000 0.000000 ]
			 [ 0.000000 1.000000 0.000000 ]
			 [ 0.000000 0.000000 1.000000 ]
	Point
		DataString "Aura"
		Position [ 0.2827476 -14.2880688 -0.000006 ]
		Orientation
			 [ 1.000000 0.000000 0.000000 ]
			 [ 0.000000 1.000000 0.000000 ]
			 [ 0.000000 0.000000 1.000000 ]
	Point
		DataString "Above"
		Position [ 0.2827476 19.491165 0.000000 ]
		Orientation
			 [ 1.000000 0.000000 0.000000 ]
			 [ 0.000000 1.000000 0.000000 ]
			 [ 0.000000 0.000000 1.000000 ]
	Point
		DataString "Center"
		Position [ 0.2827476 0.5623788 0.0000006 ]
		Orientation
			 [ 1.000000 0.000000 0.000000 ]
			 [ 0.000000 1.000000 0.000000 ]
			 [ 0.000000 0.000000 1.000000 ]
	Point
		DataString "Ability-4"
		Position [ 0.2827476 -6.8779116 0.0000006 ]
		Orientation
			 [ 1.000000 0.000000 0.000000 ]
			 [ 0.000000 0.800152 0.599797 ]
			 [ 0.000000 -0.599797 0.800152 ]
	Point
		DataString "Ability-4"
		Position [ 5.1170448 -6.8779116 -0.000006 ]
		Orientation
			 [ 1.000000 0.000000 0.000000 ]
			 [ 0.000000 0.800152 0.599797 ]
			 [ 0.000000 -0.599797 0.800152 ]
	Point
		DataString "Ability-4"
		Position [ -4.3315884 -6.877911 0.000000 ]
		Orientation
			 [ 1.000000 0.000000 0.000000 ]
			 [ 0.000000 0.800152 0.599797 ]
			 [ 0.000000 -0.599797 0.800152 ]
	NumVertices 6097
	Vertex
		Position [ 43.4494764 -7.574745 -22.7679384 ]
		Normal [ 0.751796 -0.659381 0.004403 ]
		Tangent [ -0.000000 -0.006678 -0.999978 ]
		Color 0
		U0 0.400668
		V0 0.076667
		U1 0.000000
		V1 0.000000
	Vertex
		Position [ 43.4494722 -7.7502948 -49.0535982 ]
		Normal [ 0.751793 -0.659384 0.004398 ]
		Tangent [ -0.000000 -0.006678 -0.999978 ]
		Color 0
		U0 0.434354
		V0 0.076667
		U1 0.000000
		V1 0.000000
	Vertex
		Position [ 44.8493406 -5.978757 -22.7785974 ]
		Normal [ 0.751796 -0.659381 0.004404 ]
		Tangent [ -0.000000 -0.006678 -0.999978 ]
		Color 0
		U0 0.400668
		V0 0.078713
		U1 0.000000
		V1 0.000000
	Vertex
		Position [ 44.8493316 -6.1543062 -49.0642548 ]
		Normal [ 0.906061 -0.423137 0.002720 ]
		Tangent [ -0.000000 -0.006678 -0.999978 ]
		Color 0
		U0 0.434354
		V0 0.078713
		U1 0.000000
		V1 0.000000
	Vertex
		Position [ 44.8804506 0.6997968 -22.823202 ]
		Normal [ 0.236090 0.971710 -0.006490 ]
		Tangent [ -0.000000 -0.006678 -0.999978 ]
		Color 0
		U0 0.395395
		V0 0.090599
		U1 0.000000
		V1 0.000000
	Vertex
		Position [ 44.8804458 0.5242464 -49.1088594 ]
		Normal [ 0.236090 0.971709 -0.006616 ]
		Tangent [ -0.000000 -0.006678 -0.999978 ]
		Color 0
		U0 0.429081
		V0 0.090599
		U1 0.000000
		V1 0.000000
	Vertex
		Position [ 36.0457788 2.8462002 -22.8375366 ]
		Normal [ 0.158391 0.987354 -0.006594 ]
		Tangent [ -0.000000 -0.006678 -0.999978 ]
		Color 0
		U0 0.395395
		V0 0.101921
		U1 0.000000
		V1 0.000000
	Vertex
		Position [ 36.045774 2.6706492 -49.1231964 ]
		Normal [ 0.079196 0.996836 -0.006769 ]
		Tangent [ -0.000000 -0.006678 -0.999978 ]
		Color 0
		U0 0.429081
		V0 0.101921
		U1 0.000000
		V1 0.000000
	Vertex
		Position [ 27.4910796 2.8462008 -22.8375366 ]
		Normal [ 0.000000 0.999978 -0.006678 ]
		Tangent [ -0.000000 -0.006678 -0.999978 ]
		Color 0
		U0 0.395395
		V0 0.112884
		U1 0.000000
		V1 0.000000
	Vertex
		Position [ 27.4910772 2.6706498 -49.1231964 ]
		Normal [ 0.000000 0.999977 -0.006781 ]
		Tangent [ -0.000000 -0.006678 -0.999978 ]
		Color 0
		U0 0.429081
		V0 0.112884
		U1 0.000000
		V1 0.000000
	Vertex
		Position [ 27.4910796 2.8462008 -22.8375366 ]
		Normal [ -0.789853 0.613283 -0.004095 ]
		Tangent [ -0.000000 -0.006678 -0.999978 ]
		Color 0
		U0 0.398828
		V0 0.064891
		U1 0.000000
		V1 0.000000
	Vertex
		Position [ 27.4910772 2.6706498 -49.1231964 ]
		Normal [ -0.789852 0.613283 -0.004069 ]
		Tangent [ -0.000000 -0.006678 -0.999978 ]
		Color 0
		U0 0.432514
		V0 0.064891
		U1 0.000000
		V1 0.000000
	Vertex
		Position [ 25.437957 0.2020812 -22.8198762 ]
		Normal [ -0.903110 0.429400 -0.002868 ]
		Tangent [ -0.000000 -0.006678 -0.999978 ]
		Color 0
		U0 0.398828
		V0 0.068279
		U1 0.000000
		V1 0.000000
	Vertex
		Position [ 25.4379504 0.0265308 -49.105536 ]
		Normal [ -0.976679 0.214701 -0.001345 ]
		Tangent [ -0.000000 -0.006678 -0.999978 ]
		Color 0
		U0 0.432514
		V0 0.068279
		U1 0.000000
		V1 0.000000
	Vertex
		Position [ 25.4379546 -3.744279 -22.7832204 ]
		Normal [ -1.000000 0.000000 0.000000 ]
		Tangent [ -0.000000 -0.006678 -0.999978 ]
		Color 0
		U0 0.398815
		V0 0.073337
		U1 0.000000
		V1 0.000000
	Vertex
		Position [ 25.4379504 -3.91983 -49.0688784 ]
		Normal [ -1.000000 0.000001 0.000114 ]
		Tangent [ -0.000000 -0.006678 -0.999978 ]
		Color 0
		U0 0.432501
		V0 0.073337
		U1 0.000000
		V1 0.000000
	Vertex
		Position [ 43.4494812 -7.517241 -14.1578364 ]
		Normal [ 0.751796 -0.659381 0.004404 ]
		Tangent [ -0.000001 -0.006678 -0.999978 ]
		Color 0
		U0 0.389634
		V0 0.076667
		U1 0.000000
		V1 0.000000
	Vertex
		Position [ 44.8493406 -5.9212524 -14.168493 ]
		Normal [ 0.751797 -0.659380 0.004404 ]
		Tangent [ 0.000000 -0.006679 -0.999978 ]
		Color 0
		U0 0.389634
		V0 0.078713
		U1 0.000000
		V1 0.000000
	Vertex
		Position [ 44.8804506 0.7298166 -18.328356 ]
		Normal [ 0.236090 0.971710 -0.006490 ]
		Tangent [ 0.000000 -0.006679 -0.999978 ]
		Color 0
		U0 0.389634
		V0 0.090599
		U1 0.000000
		V1 0.000000
	Vertex
		Position [ 36.0457788 2.8599924 -20.7723726 ]
		Normal [ 0.079196 0.996837 -0.006657 ]
		Tangent [ 0.000000 -0.006678 -0.999978 ]
		Color 0
		U0 0.392748
		V0 0.101921
		U1 0.000000
		V1 0.000000
	Vertex
		Position [ 27.491082 2.859993 -20.7723726 ]
		Normal [ 0.000000 0.999978 -0.006678 ]
		Tangent [ -0.000001 -0.006678 -0.999978 ]
		Color 0
		U0 0.392748
		V0 0.112884
		U1 0.000000
		V1 0.000000
	Vertex
		Position [ 27.491082 2.859993 -20.7723726 ]
		Normal [ -0.789853 0.613283 -0.004095 ]
		Tangent [ -0.000001 -0.006678 -0.999978 ]
		Color 0
		U0 0.396182
		V0 0.064891
		U1 0.000000
		V1 0.000000
	Vertex
		Position [ 25.437957 0.2335854 -18.1026762 ]
		Normal [ -0.976679 0.214700 -0.001434 ]
		Tangent [ 0.000000 -0.006678 -0.999978 ]
		Color 0
		U0 0.392783
		V0 0.068279
		U1 0.000000
		V1 0.000000
	Vertex
		Position [ 25.437957 -3.6964362 -15.6195078 ]
		Normal [ -1.000000 0.000000 0.000000 ]
		Tangent [ -0.000000 -0.006678 -0.999978 ]
		Color 0
		U0 0.389634
		V0 0.073337
		U1 0.000000
		V1 0.000000
	Vertex
		Position [ 44.8804506 0.7298166 -18.328356 ]
		Normal [ -0.081012 0.522610 0.848715 ]
		Tangent [ -0.990973 -0.001093 -0.134060 ]
		Color 0
		U0 0.389634
		V0 0.050959
		U1 0.000000
		V1 0.000000
	Vertex
		Position [ 36.0457788 2.8599924 -20.7723726 ]
		Normal [ -0.126298 0.228234 0.965380 ]
		Tangent [ -0.990973 -0.001093 -0.134060 ]
		Color 0
		U0 0.400956
		V0 0.048208
		U1 0.000000
		V1 0.000000
	Vertex
		Position [ 44.313249 0.5782734 -18.317013 ]
		Normal [ -0.168415 0.393390 0.903815 ]
		Tangent [ -0.990973 -0.001093 -0.134060 ]
		Color 0
		U0 0.390361
		V0 0.051153
		U1 0.000000
		V1 0.000000
	Vertex
		Position [ 35.963292 2.5906866 -20.760246 ]
		Normal [ -0.084649 0.070680 0.993901 ]
		Tangent [ -0.967293 -0.001129 -0.253660 ]
		Color 0
		U0 0.401062
		V0 0.048554
		U1 0.000000
		V1 0.000000
	Vertex
		Position [ 44.8493406 -5.9212524 -14.168493 ]
		Normal [ -0.000019 0.187521 0.982261 ]
		Tangent [ -1.000000 0.000015 -0.000024 ]
		Color 0
		U0 0.389674
		V0 0.059518
		U1 0.000000
		V1 0.000000
	Vertex
		Position [ 44.2838424 -5.921244 -14.1685068 ]
		Normal [ -0.043573 0.370325 0.927880 ]
		Tangent [ -1.000000 0.000015 -0.000024 ]
		Color 0
		U0 0.390399
		V0 0.059518
		U1 0.000000
		V1 0.000000
	Vertex
		Position [ 43.4494812 -7.517241 -14.1578364 ]
		Normal [ -0.000006 0.006715 0.999977 ]
		Tangent [ -1.000000 0.000448 -0.000022 ]
		Color 0
		U0 0.391468
		V0 0.061563
		U1 0.000000
		V1 0.000000
	Vertex
		Position [ 42.9607866 -7.2148704 -14.1598698 ]
		Normal [ -0.000014 0.006707 0.999978 ]
		Tangent [ -1.000000 0.000448 -0.000022 ]
		Color 0
		U0 0.392094
		V0 0.061176
		U1 0.000000
		V1 0.000000
	Vertex
		Position [ 32.4378204 -7.5172404 -14.157834 ]
		Normal [ -0.059977 0.148335 0.987117 ]
		Tangent [ -1.000000 0.000000 0.000000 ]
		Color 0
		U0 0.405580
		V0 0.061563
		U1 0.000000
		V1 0.000000
	Vertex
		Position [ 32.5532844 -7.2148692 -14.1598674 ]
		Normal [ -0.059257 0.029339 0.997812 ]
		Tangent [ -1.000000 0.000000 0.000000 ]
		Color 0
		U0 0.405432
		V0 0.061176
		U1 0.000000
		V1 0.000000
	Vertex
		Position [ 27.491082 2.859993 -20.7723726 ]
		Normal [ 0.119130 0.214782 0.969369 ]
		Tangent [ -1.000000 0.000000 0.000000 ]
		Color 0
		U0 0.411919
		V0 0.048208
		U1 0.000000
		V1 0.000000
	Vertex
		Position [ 27.8779494 2.5906872 -20.760246 ]
		Normal [ 0.172934 0.435943 0.883203 ]
		Tangent [ -1.000000 0.000000 0.000000 ]
		Color 0
		U0 0.411423
		V0 0.048554
		U1 0.000000
		V1 0.000000
	Vertex
		Position [ 25.437957 -3.6964362 -15.6195078 ]
		Normal [ 0.037918 0.480460 0.876197 ]
		Tangent [ -1.000000 -0.000096 -0.000055 ]
		Color 0
		U0 0.414550
		V0 0.056654
		U1 0.000000
		V1 0.000000
	Vertex
		Position [ 25.937469 -3.6963882 -15.6194802 ]
		Normal [ -0.060547 0.333450 0.940821 ]
		Tangent [ -1.000000 -0.000096 -0.000055 ]
		Color 0
		U0 0.413910
		V0 0.056654
		U1 0.000000
		V1 0.000000
	Vertex
		Position [ 25.437957 0.2335854 -18.1026762 ]
		Normal [ 0.203098 0.579288 0.789416 ]
		Tangent [ -0.916450 0.001781 0.400146 ]
		Color 0
		U0 0.414550
		V0 0.051597
		U1 0.000000
		V1 0.000000
	Vertex
		Position [ 25.937469 0.1093494 -18.0915252 ]
		Normal [ 0.088087 0.584046 0.806927 ]
		Tangent [ -0.979874 0.001649 0.199611 ]
		Color 0
		U0 0.413910
		V0 0.051756
		U1 0.000000
		V1 0.000000
	Vertex
		Position [ 44.313249 0.5782734 -18.317013 ]
		Normal [ -0.236090 -0.971710 0.006490 ]
		Tangent [ -0.971731 0.236084 -0.001574 ]
		Color 0
		U0 0.449075
		V0 0.064726
		U1 0.000000
		V1 0.000000
	Vertex
		Position [ 35.963292 2.5906866 -20.760246 ]
		Normal [ -0.158391 -0.987354 0.006594 ]
		Tangent [ -0.971731 0.236084 -0.001574 ]
		Color 0
		U0 0.459775
		V0 0.067840
		U1 0.000000
		V1 0.000000
	Vertex
		Position [ 44.3132448 0.5333856 -25.038153 ]
		Normal [ -0.236090 -0.971710 0.006490 ]
		Tangent [ -0.971731 0.236084 -0.001574 ]
		Color 0
		U0 0.449075
		V0 0.073340
		U1 0.000000
		V1 0.000000
	Vertex
		Position [ 35.963292 2.5620258 -25.0517028 ]
		Normal [ -0.079196 -0.996837 0.006657 ]
		Tangent [ -0.971731 0.236084 -0.001577 ]
		Color 0
		U0 0.459775
		V0 0.073340
		U1 0.000000
		V1 0.000000
	Vertex
		Position [ 44.2838424 -5.921244 -14.1685068 ]
		Normal [ -0.999990 0.004505 -0.000030 ]
		Tangent [ 0.000000 -0.006678 -0.999978 ]
		Color 0
		U0 0.472632
		V0 0.073340
		U1 0.000000
		V1 0.000000
	Vertex
		Position [ 44.313249 0.5782734 -18.317013 ]
		Normal [ -0.999990 0.004505 -0.000030 ]
		Tangent [ 0.000000 -0.006678 -0.999978 ]
		Color 0
		U0 0.477893
		V0 0.064975
		U1 0.000000
		V1 0.000000
	Vertex
		Position [ 44.2838424 -5.9935464 -24.9945624 ]
		Normal [ -0.999990 0.004505 -0.000030 ]
		Tangent [ 0.000000 -0.006678 -0.999978 ]
		Color 0
		U0 0.486506
		V0 0.073340
		U1 0.000000
		V1 0.000000
	Vertex
		Position [ 44.3132448 0.5333856 -25.038153 ]
		Normal [ -0.999990 0.004505 -0.000029 ]
		Tangent [ -0.000001 -0.006678 -0.999978 ]
		Color 0
		U0 0.486506
		V0 0.064975
		U1 0.000000
		V1 0.000000
	Vertex
		Position [ 42.9607866 -7.2148704 -14.1598698 ]
		Normal [ -0.249367 0.968388 -0.006467 ]
		Tangent [ 0.715007 0.699102 -0.004668 ]
		Color 0
		U0 0.411450
		V0 0.031839
		U1 0.000000
		V1 0.000000
	Vertex
		Position [ 44.2838424 -5.921244 -14.1685068 ]
		Normal [ -0.699118 0.714991 -0.004775 ]
		Tangent [ 0.715007 0.699102 -0.004668 ]
		Color 0
		U0 0.413145
		V0 0.031839
		U1 0.000000
		V1 0.000000
	Vertex
		Position [ 42.9607866 -7.2871728 -24.9859224 ]
		Normal [ -0.498733 0.866736 -0.005789 ]
		Tangent [ 0.715007 0.699102 -0.004668 ]
		Color 0
		U0 0.411450
		V0 0.045713
		U1 0.000000
		V1 0.000000
	Vertex
		Position [ 44.2838424 -5.9935464 -24.9945624 ]
		Normal [ -0.699118 0.714991 -0.004775 ]
		Tangent [ 0.715007 0.699102 -0.004669 ]
		Color 0
		U0 0.413145
		V0 0.045713
		U1 0.000000
		V1 0.000000
	Vertex
		Position [ 32.5532844 -7.2148692 -14.1598674 ]
		Normal [ 0.322242 0.946636 -0.006322 ]
		Tangent [ 1.000000 -0.000000 -0.000000 ]
		Color 0
		U0 0.398113
		V0 0.031839
		U1 0.000000
		V1 0.000000
	Vertex
		Position [ 32.553282 -7.2871728 -24.98592 ]
		Normal [ 0.161121 0.986913 -0.006591 ]
		Tangent [ 1.000000 -0.000000 -0.000000 ]
		Color 0
		U0 0.398113
		V0 0.045713
		U1 0.000000
		V1 0.000000
	Vertex
		Position [ 27.8779494 2.5906872 -20.760246 ]
		Normal [ -0.000000 -0.999978 0.006678 ]
		Tangent [ -1.000000 0.000000 0.000000 ]
		Color 0
		U0 0.470136
		V0 0.067840
		U1 0.000000
		V1 0.000000
	Vertex
		Position [ 27.877947 2.5620264 -25.0517028 ]
		Normal [ -0.000000 -0.999978 0.006678 ]
		Tangent [ -1.000000 0.000000 0.000000 ]
		Color 0
		U0 0.470136
		V0 0.073340
		U1 0.000000
		V1 0.000000
	Vertex
		Position [ 25.937469 -3.6963882 -15.6194802 ]
		Normal [ 0.470559 0.882349 -0.005893 ]
		Tangent [ 0.882369 -0.470548 0.003185 ]
		Color 0
		U0 0.389634
		V0 0.033679
		U1 0.000000
		V1 0.000000
	Vertex
		Position [ 25.9374666 -3.7591002 -25.0094856 ]
		Normal [ 0.470559 0.882349 -0.005893 ]
		Tangent [ 0.882369 -0.470548 0.003185 ]
		Color 0
		U0 0.389634
		V0 0.045713
		U1 0.000000
		V1 0.000000
	Vertex
		Position [ 27.8779494 2.5906872 -20.760246 ]
		Normal [ 0.789852 -0.613283 0.004095 ]
		Tangent [ -0.000001 -0.006678 -0.999978 ]
		Color 0
		U0 0.447944
		V0 0.022518
		U1 0.000000
		V1 0.000000
	Vertex
		Position [ 25.937469 0.1093494 -18.0915252 ]
		Normal [ 0.903110 -0.429400 0.002867 ]
		Tangent [ -0.000001 -0.006678 -0.999978 ]
		Color 0
		U0 0.444546
		V0 0.019315
		U1 0.000000
		V1 0.000000
	Vertex
		Position [ 27.877947 2.5620264 -25.0517028 ]
		Normal [ 0.789852 -0.613283 0.004096 ]
		Tangent [ -0.000001 -0.006678 -0.999978 ]
		Color 0
		U0 0.453444
		V0 0.022518
		U1 0.000000
		V1 0.000000
	Vertex
		Position [ 25.9374666 0.0629766 -25.0350126 ]
		Normal [ 0.976679 -0.214700 0.001434 ]
		Tangent [ -0.000000 -0.006678 -0.999978 ]
		Color 0
		U0 0.453444
		V0 0.019315
		U1 0.000000
		V1 0.000000
	Vertex
		Position [ 25.937469 -3.6963882 -15.6194802 ]
		Normal [ 1.000000 -0.000000 -0.000000 ]
		Tangent [ -0.000000 -0.006678 -0.999978 ]
		Color 0
		U0 0.441410
		V0 0.014417
		U1 0.000000
		V1 0.000000
	Vertex
		Position [ 25.9374666 -3.7591002 -25.0094856 ]
		Normal [ 1.000000 -0.000000 -0.000000 ]
		Tangent [ -0.000000 -0.006678 -0.999978 ]
		Color 0
		U0 0.453444
		V0 0.014417
		U1 0.000000
		V1 0.000000
	Vertex
		Position [ 44.846979 -6.2253858 -59.3900664 ]
		Normal [ 0.884103 -0.467283 0.003011 ]
		Tangent [ -0.000227 -0.006658 -0.999978 ]
		Color 0
		U0 0.447587
		V0 0.078710
		U1 0.000000
		V1 0.000000
	Vertex
		Position [ 44.8780884 0.4531674 -59.434671 ]
		Normal [ 0.999989 -0.004660 -0.000196 ]
		Tangent [ -0.000227 -0.006658 -0.999978 ]
		Color 0
		U0 0.447587
		V0 0.087269
		U1 0.000000
		V1 0.000000
	Vertex
		Position [ 44.8804458 0.5242464 -49.1088594 ]
		Normal [ 0.999989 -0.004660 -0.000196 ]
		Tangent [ -0.000228 -0.006735 -0.999977 ]
		Color 0
		U0 0.434354
		V0 0.087271
		U1 0.000000
		V1 0.000000
	Vertex
		Position [ 44.8780884 0.4531674 -59.434671 ]
		Normal [ 0.236090 0.971708 -0.006743 ]
		Tangent [ -0.000003 -0.006938 -0.999976 ]
		Color 0
		U0 0.442313
		V0 0.090602
		U1 0.000000
		V1 0.000000
	Vertex
		Position [ 36.0434214 2.5995702 -59.448999 ]
		Normal [ 0.158391 0.987353 -0.006833 ]
		Tangent [ -0.000003 -0.006938 -0.999976 ]
		Color 0
		U0 0.442313
		V0 0.101924
		U1 0.000000
		V1 0.000000
	Vertex
		Position [ 27.4887222 2.5995708 -59.448999 ]
		Normal [ 0.000000 0.999976 -0.006883 ]
		Tangent [ -0.000003 -0.006883 -0.999976 ]
		Color 0
		U0 0.442313
		V0 0.112887
		U1 0.000000
		V1 0.000000
	Vertex
		Position [ 27.4887222 2.5995708 -59.448999 ]
		Normal [ -0.789852 0.613284 -0.004041 ]
		Tangent [ -0.000109 -0.006730 -0.999977 ]
		Color 0
		U0 0.445747
		V0 0.064893
		U1 0.000000
		V1 0.000000
	Vertex
		Position [ 25.4355972 -0.0445482 -59.4313476 ]
		Normal [ -0.903110 0.429401 -0.002750 ]
		Tangent [ -0.000109 -0.006730 -0.999977 ]
		Color 0
		U0 0.445747
		V0 0.068282
		U1 0.000000
		V1 0.000000
	Vertex
		Position [ 25.4355972 -3.990909 -59.39469 ]
		Normal [ -1.000000 0.000002 0.000228 ]
		Tangent [ -0.000228 -0.006658 -0.999978 ]
		Color 0
		U0 0.445734
		V0 0.073340
		U1 0.000000
		V1 0.000000
	Vertex
		Position [ 44.5067322 -6.6133032 -59.3874756 ]
		Normal [ 0.000300 -0.006942 -0.999976 ]
		Tangent [ 0.993198 -0.116432 0.001107 ]
		Color 0
		U0 0.476163
		V0 0.086797
		U1 0.000000
		V1 0.000000
	Vertex
		Position [ 44.5045626 -6.0793224 -59.3911836 ]
		Normal [ 0.000312 -0.006915 -0.999976 ]
		Tangent [ 0.993198 -0.116432 0.001107 ]
		Color 0
		U0 0.476082
		V0 0.086117
		U1 0.000000
		V1 0.000000
	Vertex
		Position [ 44.846979 -6.2253858 -59.3900664 ]
		Normal [ 0.001640 -0.006843 -0.999975 ]
		Tangent [ 0.993198 -0.116432 0.001107 ]
		Color 0
		U0 0.476539
		V0 0.086252
		U1 0.000000
		V1 0.000000
	Vertex
		Position [ 44.534514 0.3503934 -59.4354582 ]
		Normal [ 0.001581 -0.004799 -0.999987 ]
		Tangent [ 0.993228 -0.116176 0.001122 ]
		Color 0
		U0 0.475168
		V0 0.077928
		U1 0.000000
		V1 0.000000
	Vertex
		Position [ 44.8780884 0.4531674 -59.434671 ]
		Normal [ 0.003109 -0.002731 -0.999991 ]
		Tangent [ 0.993202 -0.116294 0.005045 ]
		Color 0
		U0 0.475590
		V0 0.077746
		U1 0.000000
		V1 0.000000
	Vertex
		Position [ 36.0434214 2.5995702 -59.448999 ]
		Normal [ 0.000568 -0.004158 -0.999991 ]
		Tangent [ 0.993280 -0.115726 0.001766 ]
		Color 0
		U0 0.464026
		V0 0.076322
		U1 0.000000
		V1 0.000000
	Vertex
		Position [ 36.0290064 2.4168354 -59.447745 ]
		Normal [ -0.000149 -0.010408 -0.999946 ]
		Tangent [ 0.993289 -0.115657 0.000574 ]
		Color 0
		U0 0.464035
		V0 0.076557
		U1 0.000000
		V1 0.000000
	Vertex
		Position [ 27.4887222 2.5995708 -59.448999 ]
		Normal [ 0.001352 -0.011459 -0.999933 ]
		Tangent [ 0.993312 -0.115460 0.000793 ]
		Color 0
		U0 0.453137
		V0 0.077589
		U1 0.000000
		V1 0.000000
	Vertex
		Position [ 27.7930392 2.416848 -59.4458682 ]
		Normal [ 0.003493 -0.013188 -0.999907 ]
		Tangent [ 0.993277 -0.115752 0.001801 ]
		Color 0
		U0 0.453551
		V0 0.077776
		U1 0.000000
		V1 0.000000
	Vertex
		Position [ 25.4355972 -0.0445482 -59.4313476 ]
		Normal [ 0.005913 -0.010446 -0.999928 ]
		Tangent [ 0.993176 -0.116495 0.005419 ]
		Color 0
		U0 0.450915
		V0 0.081259
		U1 0.000000
		V1 0.000000
	Vertex
		Position [ 25.8164106 -0.1287498 -59.4278868 ]
		Normal [ -0.001302 -0.009407 -0.999955 ]
		Tangent [ 0.993099 -0.117021 0.007789 ]
		Color 0
		U0 0.451412
		V0 0.081309
		U1 0.000000
		V1 0.000000
	Vertex
		Position [ 25.4355972 -3.990909 -59.39469 ]
		Normal [ -0.006263 -0.011874 -0.999910 ]
		Tangent [ 0.993085 -0.117122 0.008073 ]
		Color 0
		U0 0.451499
		V0 0.086282
		U1 0.000000
		V1 0.000000
	Vertex
		Position [ 27.3735144 -4.5862038 -59.3975556 ]
		Normal [ -0.005081 -0.015624 -0.999865 ]
		Tangent [ 0.993306 -0.115466 -0.003244 ]
		Color 0
		U0 0.454054
		V0 0.086753
		U1 0.000000
		V1 0.000000
	Vertex
		Position [ 27.2390052 -4.9777692 -59.3907534 ]
		Normal [ -0.006771 -0.017537 -0.999823 ]
		Tangent [ 0.993306 -0.115466 -0.003244 ]
		Color 0
		U0 0.453941
		V0 0.087271
		U1 0.000000
		V1 0.000000
	Vertex
		Position [ 25.8164088 -3.7212516 -59.4031584 ]
		Normal [ -0.010301 -0.013986 -0.999849 ]
		Tangent [ 0.993306 -0.115466 -0.003244 ]
		Color 0
		U0 0.451944
		V0 0.085883
		U1 0.000000
		V1 0.000000
	Vertex
		Position [ 43.4493666 -7.7569602 -50.0373048 ]
		Normal [ 0.751784 -0.659395 0.004387 ]
		Tangent [ -0.000107 -0.006775 -0.999977 ]
		Color 0
		U0 0.435615
		V0 0.076667
		U1 0.000000
		V1 0.000000
	Vertex
		Position [ 44.5076844 -6.5617902 -51.7553832 ]
		Normal [ 0.751820 -0.659353 0.004377 ]
		Tangent [ -0.000107 -0.006775 -0.999977 ]
		Color 0
		U0 0.437806
		V0 0.078213
		U1 0.000000
		V1 0.000000
	Vertex
		Position [ 44.5067322 -6.6133032 -59.3874756 ]
		Normal [ 0.751797 -0.659380 0.004357 ]
		Tangent [ -0.000125 -0.006749 -0.999977 ]
		Color 0
		U0 0.447587
		V0 0.078213
		U1 0.000000
		V1 0.000000
	Vertex
		Position [ 44.5066956 -5.9939814 -46.9004514 ]
		Normal [ -0.000001 -0.006679 -0.999978 ]
		Tangent [ -1.000000 0.000250 -0.000000 ]
		Color 0
		U0 0.417084
		V0 0.050675
		U1 0.000000
		V1 0.000000
	Vertex
		Position [ 43.4548692 -7.4302164 -46.8908568 ]
		Normal [ -0.000000 -0.006679 -0.999978 ]
		Tangent [ -1.000000 0.000250 -0.000000 ]
		Color 0
		U0 0.418432
		V0 0.048834
		U1 0.000000
		V1 0.000000
	Vertex
		Position [ 44.536647 0.4357422 -46.9433988 ]
		Normal [ -0.000120 -0.006937 -0.999976 ]
		Tangent [ -1.000000 0.000250 -0.000000 ]
		Color 0
		U0 0.417046
		V0 0.058915
		U1 0.000000
		V1 0.000000
	Vertex
		Position [ 32.5576056 -7.4322006 -46.8908478 ]
		Normal [ -0.000396 -0.006077 -0.999981 ]
		Tangent [ -1.000000 -0.000037 -0.000000 ]
		Color 0
		U0 0.432397
		V0 0.048832
		U1 0.000000
		V1 0.000000
	Vertex
		Position [ 25.8185442 -3.6358698 -46.906293 ]
		Normal [ -0.000361 -0.007455 -0.999972 ]
		Tangent [ -1.000000 0.000008 0.000792 ]
		Color 0
		U0 0.441033
		V0 0.053697
		U1 0.000000
		V1 0.000000
	Vertex
		Position [ 25.8185442 -0.0434298 -46.9401948 ]
		Normal [ 0.000035 -0.008058 -0.999968 ]
		Tangent [ -1.000000 -0.000002 -0.000070 ]
		Color 0
		U0 0.441033
		V0 0.058301
		U1 0.000000
		V1 0.000000
	Vertex
		Position [ 27.7951746 2.502174 -46.9571958 ]
		Normal [ -0.000000 -0.006677 -0.999978 ]
		Tangent [ -1.000000 0.000001 0.000000 ]
		Color 0
		U0 0.438500
		V0 0.061563
		U1 0.000000
		V1 0.000000
	Vertex
		Position [ 36.0311418 2.502174 -46.9571958 ]
		Normal [ 0.000000 -0.006677 -0.999978 ]
		Tangent [ -1.000000 0.000000 0.000000 ]
		Color 0
		U0 0.427946
		V0 0.061563
		U1 0.000000
		V1 0.000000
	Vertex
		Position [ 44.5101702 0.2086956 -50.0904144 ]
		Normal [ -0.236089 -0.971708 0.006704 ]
		Tangent [ -0.971731 0.236084 -0.001576 ]
		Color 0
		U0 0.445643
		V0 0.100913
		U1 0.000000
		V1 0.000000
	Vertex
		Position [ 44.5113462 0.2307816 -46.9419894 ]
		Normal [ -0.236089 -0.971707 0.006905 ]
		Tangent [ -0.971731 0.236084 -0.001576 ]
		Color 0
		U0 0.445641
		V0 0.096878
		U1 0.000000
		V1 0.000000
	Vertex
		Position [ 36.0046626 2.2751274 -50.1042114 ]
		Normal [ -0.118888 -0.992884 0.006877 ]
		Tangent [ -0.971731 0.236084 -0.001576 ]
		Color 0
		U0 0.456542
		V0 0.100913
		U1 0.000000
		V1 0.000000
	Vertex
		Position [ 36.0058386 2.2972134 -46.9557864 ]
		Normal [ -0.079196 -0.996834 0.007022 ]
		Tangent [ -0.971731 0.236084 -0.001576 ]
		Color 0
		U0 0.456541
		V0 0.096878
		U1 0.000000
		V1 0.000000
	Vertex
		Position [ 27.7686948 2.275128 -50.1042114 ]
		Normal [ -0.000000 -0.999976 0.006933 ]
		Tangent [ -1.000000 0.000000 0.000000 ]
		Color 0
		U0 0.467097
		V0 0.100913
		U1 0.000000
		V1 0.000000
	Vertex
		Position [ 27.7698714 2.297214 -46.9557954 ]
		Normal [ -0.000000 -0.999975 0.007015 ]
		Tangent [ -1.000000 0.000000 -0.000001 ]
		Color 0
		U0 0.467095
		V0 0.096878
		U1 0.000000
		V1 0.000000
	Vertex
		Position [ 27.9571176 2.3534328 -50.104779 ]
		Normal [ 0.789852 -0.613284 0.004050 ]
		Tangent [ -0.000179 -0.006764 -0.999977 ]
		Color 0
		U0 0.421081
		V0 0.019112
		U1 0.000000
		V1 0.000000
	Vertex
		Position [ 27.958296 2.3755182 -46.956363 ]
		Normal [ 0.789852 -0.613284 0.004006 ]
		Tangent [ -0.000179 -0.006764 -0.999977 ]
		Color 0
		U0 0.417046
		V0 0.019113
		U1 0.000000
		V1 0.000000
	Vertex
		Position [ 25.9804872 -0.1921722 -50.087778 ]
		Normal [ 0.789852 -0.613284 0.004028 ]
		Tangent [ -0.000179 -0.006764 -0.999977 ]
		Color 0
		U0 0.421081
		V0 0.015849
		U1 0.000000
		V1 0.000000
	Vertex
		Position [ 25.9816656 -0.1700862 -46.9393614 ]
		Normal [ 0.789852 -0.613284 0.004006 ]
		Tangent [ 0.000016 -0.006512 -0.999979 ]
		Color 0
		U0 0.417046
		V0 0.015851
		U1 0.000000
		V1 0.000000
	Vertex
		Position [ 26.077542 -0.0655164 -50.088693 ]
		Normal [ 1.000000 -0.000002 -0.000193 ]
		Tangent [ -0.000374 -0.006513 -0.999979 ]
		Color 0
		U0 0.473641
		V0 0.095414
		U1 0.000000
		V1 0.000000
	Vertex
		Position [ 26.078721 -0.0434304 -46.940268 ]
		Normal [ 1.000000 -0.000004 -0.000374 ]
		Tangent [ -0.000374 -0.006513 -0.999979 ]
		Color 0
		U0 0.469607
		V0 0.095416
		U1 0.000000
		V1 0.000000
	Vertex
		Position [ 26.077542 -3.6579564 -50.0547822 ]
		Normal [ 1.000000 -0.000003 -0.000284 ]
		Tangent [ -0.000374 -0.006513 -0.999979 ]
		Color 0
		U0 0.473629
		V0 0.090810
		U1 0.000000
		V1 0.000000
	Vertex
		Position [ 26.078721 -3.635871 -46.9063566 ]
		Normal [ 1.000000 -0.000004 -0.000374 ]
		Tangent [ -0.000374 -0.006527 -0.999979 ]
		Color 0
		U0 0.469594
		V0 0.090812
		U1 0.000000
		V1 0.000000
	Vertex
		Position [ 25.9187304 -3.4780266 -50.0560092 ]
		Normal [ 0.490813 0.871242 -0.006295 ]
		Tangent [ 0.871265 -0.490802 0.003307 ]
		Color 0
		U0 0.483246
		V0 0.046323
		U1 0.000000
		V1 0.000000
	Vertex
		Position [ 25.9199064 -3.4559406 -46.9075926 ]
		Normal [ 0.490813 0.871242 -0.006295 ]
		Tangent [ 0.871265 -0.490802 0.003307 ]
		Color 0
		U0 0.483247
		V0 0.042289
		U1 0.000000
		V1 0.000000
	Vertex
		Position [ 32.6577942 -7.2743556 -50.040573 ]
		Normal [ 0.490813 0.871242 -0.006295 ]
		Tangent [ 0.871265 -0.490802 0.003307 ]
		Color 0
		U0 0.491882
		V0 0.046336
		U1 0.000000
		V1 0.000000
	Vertex
		Position [ 32.6589708 -7.2522696 -46.892148 ]
		Normal [ 0.490813 0.871242 -0.006295 ]
		Tangent [ 0.871265 -0.490803 0.003205 ]
		Color 0
		U0 0.491883
		V0 0.042301
		U1 0.000000
		V1 0.000000
	Vertex
		Position [ 32.5563924 -7.2477702 -50.0407194 ]
		Normal [ -0.000182 0.999975 -0.007015 ]
		Tangent [ 1.000000 0.000182 -0.000001 ]
		Color 0
		U0 0.457017
		V0 0.082831
		U1 0.000000
		V1 0.000000
	Vertex
		Position [ 32.557569 -7.2256848 -46.8923034 ]
		Normal [ -0.000182 0.999975 -0.007014 ]
		Tangent [ 1.000000 0.000182 -0.000001 ]
		Color 0
		U0 0.457018
		V0 0.078796
		U1 0.000000
		V1 0.000000
	Vertex
		Position [ 43.453656 -7.2457854 -50.040729 ]
		Normal [ -0.000182 0.999975 -0.007014 ]
		Tangent [ 1.000000 0.000182 -0.000001 ]
		Color 0
		U0 0.470982
		V0 0.082831
		U1 0.000000
		V1 0.000000
	Vertex
		Position [ 43.4548326 -7.2237012 -46.8923124 ]
		Normal [ -0.000182 0.999975 -0.007014 ]
		Tangent [ 1.000000 0.000182 -0.000001 ]
		Color 0
		U0 0.470983
		V0 0.078796
		U1 0.000000
		V1 0.000000
	Vertex
		Position [ 43.2911316 -7.324926 -50.0394468 ]
		Normal [ -0.806650 0.590848 0.014631 ]
		Tangent [ -0.000006 -0.006513 -0.999979 ]
		Color 0
		U0 0.464782
		V0 0.028550
		U1 0.000000
		V1 0.000000
	Vertex
		Position [ 43.2923082 -7.30284 -46.8910218 ]
		Normal [ -0.806789 0.590827 -0.003843 ]
		Tangent [ -0.000006 -0.006513 -0.999979 ]
		Color 0
		U0 0.460747
		V0 0.028548
		U1 0.000000
		V1 0.000000
	Vertex
		Position [ 44.342958 -5.8886922 -50.0490324 ]
		Normal [ -0.794697 0.606983 0.005270 ]
		Tangent [ -0.000006 -0.006513 -0.999979 ]
		Color 0
		U0 0.464782
		V0 0.026709
		U1 0.000000
		V1 0.000000
	Vertex
		Position [ 44.3441346 -5.8666068 -46.9006164 ]
		Normal [ -0.806789 0.590827 -0.003843 ]
		Tangent [ -0.000190 -0.006764 -0.999977 ]
		Color 0
		U0 0.460747
		V0 0.026708
		U1 0.000000
		V1 0.000000
	Vertex
		Position [ 44.298999 -6.015105 -50.0488494 ]
		Normal [ -0.999989 0.004659 0.000161 ]
		Tangent [ -0.000371 -0.006512 -0.999979 ]
		Color 0
		U0 0.445445
		V0 0.034087
		U1 0.000000
		V1 0.000000
	Vertex
		Position [ 44.3001756 -5.993019 -46.9004244 ]
		Normal [ -0.999989 0.004661 0.000341 ]
		Tangent [ -0.000371 -0.006512 -0.999979 ]
		Color 0
		U0 0.441410
		V0 0.034085
		U1 0.000000
		V1 0.000000
	Vertex
		Position [ 44.3289504 0.4146186 -50.0917878 ]
		Normal [ -0.999989 0.004660 0.000251 ]
		Tangent [ -0.000371 -0.006512 -0.999979 ]
		Color 0
		U0 0.445445
		V0 0.025847
		U1 0.000000
		V1 0.000000
	Vertex
		Position [ 44.330127 0.4367046 -46.9433622 ]
		Normal [ -0.999989 0.004661 0.000341 ]
		Tangent [ -0.000371 -0.006513 -0.999979 ]
		Color 0
		U0 0.441410
		V0 0.025845
		U1 0.000000
		V1 0.000000
	Vertex
		Position [ 32.556429 -7.4542848 -50.0392728 ]
		Normal [ -0.111054 -0.193173 0.974860 ]
		Tangent [ -0.859605 0.510949 0.003323 ]
		Color 0
		U0 0.475904
		V0 0.023152
		U1 0.000000
		V1 0.000000
	Vertex
		Position [ 27.3744738 -4.5229056 -50.0487216 ]
		Normal [ -0.037272 -0.060191 0.997491 ]
		Tangent [ -0.859605 0.510949 0.003323 ]
		Color 0
		U0 0.483532
		V0 0.023314
		U1 0.000000
		V1 0.000000
	Vertex
		Position [ 25.8173676 -3.6579558 -50.054709 ]
		Normal [ -0.055920 -0.093787 0.994021 ]
		Tangent [ -0.859605 0.510949 0.003323 ]
		Color 0
		U0 0.485813
		V0 0.023380
		U1 0.000000
		V1 0.000000
	Vertex
		Position [ 36.0037056 2.2118742 -59.446335 ]
		Normal [ -0.158391 -0.987354 0.006701 ]
		Tangent [ -1.000000 -0.000000 -0.000056 ]
		Color 0
		U0 0.456544
		V0 0.112885
		U1 0.000000
		V1 0.000000
	Vertex
		Position [ 27.7677384 2.211888 -59.4444672 ]
		Normal [ -0.000000 -0.999977 0.006771 ]
		Tangent [ -1.000000 -0.000000 -0.000056 ]
		Color 0
		U0 0.467098
		V0 0.112882
		U1 0.000000
		V1 0.000000
	Vertex
		Position [ 44.5092132 0.1454328 -59.4340578 ]
		Normal [ -0.236089 -0.971709 0.006603 ]
		Tangent [ -0.971731 0.236084 -0.001583 ]
		Color 0
		U0 0.445644
		V0 0.112887
		U1 0.000000
		V1 0.000000
	Vertex
