TXT
MeshData
	maxDiffuseMipLevel 0
	hasValidTangents TRUE
	BoundingRadius 154.637650
	MaxBoundingExtents [ 62.478226 33.211628 154.087402 ]
	MinBoundingExtents [ -62.676357 -24.646051 -121.686188 ]
	NumMaterials 1
	Material
		DiffuseTextureFileName "Human_CapitalColony_Destiny-cl.dds"
		SelfIlluminationTextureFileName "Human_CapitalColony_Destiny-da.dds"
		NormalTextureFileName "Human_CapitalColony_Destiny-nm.dds"
		DisplacementTextureFileName ""
		TeamColorTextureFileName ""
		Diffuse ffffffff
		Ambient ffffffff
		Specular ffffffff
		Emissive ffffffff
		Glossiness 9.999999
	NumPoints 61
	Point
		DataString "Hangar"
		Position [ -10.634243 -19.852625 40.586285 ]
		Orientation
			 [ -1.000000 0.000000 0.000000 ]
			 [ 0.000000 0.960454 -0.278440 ]
			 [ -0.000000 -0.278440 -0.960454 ]
	Point
		DataString "Center"
		Position [ 0.000000 0.000000 0.000000 ]
		Orientation
			 [ 1.000000 0.000000 0.000000 ]
			 [ 0.000000 1.000000 0.000000 ]
			 [ 0.000000 0.000000 1.000000 ]
	Point
		DataString "Weapon-1"
		Position [ 6.750638 10.658556 28.160664 ]
		Orientation
			 [ 1.000000 0.000000 0.000000 ]
			 [ 0.000000 0.500000 -0.866025 ]
			 [ 0.000000 0.866025 0.500000 ]
	Point
		DataString "Weapon-1"
		Position [ -7.189981 10.908009 28.195732 ]
		Orientation
			 [ 1.000000 0.000000 0.000000 ]
			 [ 0.000000 0.500000 -0.866025 ]
			 [ 0.000000 0.866025 0.500000 ]
	Point
		DataString "Weapon-1"
		Position [ -6.969572 10.934347 50.890472 ]
		Orientation
			 [ 1.000000 0.000000 0.000000 ]
			 [ 0.000000 0.500000 -0.866025 ]
			 [ 0.000000 0.866025 0.500000 ]
	Point
		DataString "Weapon-1"
		Position [ 6.646177 10.777650 50.648552 ]
		Orientation
			 [ 1.000000 0.000000 0.000000 ]
			 [ 0.000000 0.500000 -0.866025 ]
			 [ 0.000000 0.866025 0.500000 ]
	Point
		DataString "Weapon-1"
		Position [ -7.124032 10.857964 73.385445 ]
		Orientation
			 [ 1.000000 0.000000 0.000000 ]
			 [ 0.000000 0.500000 -0.866025 ]
			 [ 0.000000 0.866025 0.500000 ]
	Point
		DataString "Weapon-1"
		Position [ 6.724824 10.878190 73.366158 ]
		Orientation
			 [ 1.000000 0.000000 0.000000 ]
			 [ 0.000000 0.500000 -0.866025 ]
			 [ 0.000000 0.866025 0.500000 ]
	Point
		DataString "Weapon-0"
		Position [ -14.950594 10.788967 -8.406410 ]
		Orientation
			 [ 0.965926 0.000000 0.258819 ]
			 [ 0.066987 0.965926 -0.250000 ]
			 [ -0.250000 0.258819 0.933013 ]
	Point
		DataString "Weapon-0"
		Position [ 14.427688 10.800091 -8.729405 ]
		Orientation
			 [ 0.965926 0.000000 -0.258819 ]
			 [ -0.066987 0.965926 -0.250000 ]
			 [ 0.250000 0.258819 0.933013 ]
	Point
		DataString "Weapon-0"
		Position [ -14.916121 10.654991 25.372534 ]
		Orientation
			 [ 0.965926 0.000000 0.258819 ]
			 [ 0.066987 0.965926 -0.250000 ]
			 [ -0.250000 0.258819 0.933013 ]
	Point
		DataString "Weapon-0"
		Position [ 14.274703 10.738487 25.645245 ]
		Orientation
			 [ 0.965926 0.000000 -0.258819 ]
			 [ -0.066987 0.965926 -0.250000 ]
			 [ 0.250000 0.258819 0.933013 ]
	Point
		DataString "Weapon-0"
		Position [ -14.972010 10.663112 59.704086 ]
		Orientation
			 [ 0.965926 0.000000 0.258819 ]
			 [ 0.066987 0.965926 -0.250000 ]
			 [ -0.250000 0.258819 0.933013 ]
	Point
		DataString "Weapon-0"
		Position [ -15.170759 10.733797 92.357643 ]
		Orientation
			 [ 0.965926 0.000000 0.258819 ]
			 [ 0.066987 0.965926 -0.250000 ]
			 [ -0.250000 0.258819 0.933013 ]
	Point
		DataString "Weapon-0"
		Position [ 14.366129 10.712731 59.967850 ]
		Orientation
			 [ 0.965926 0.000000 -0.258819 ]
			 [ -0.066987 0.965926 -0.250000 ]
			 [ 0.250000 0.258819 0.933013 ]
	Point
		DataString "Weapon-0"
		Position [ 14.146155 10.775352 92.584206 ]
		Orientation
			 [ 0.965926 0.000000 -0.258819 ]
			 [ -0.066987 0.965926 -0.250000 ]
			 [ 0.250000 0.258819 0.933013 ]
	Point
		DataString "Weapon-0"
		Position [ -53.749737 8.075834 -97.415123 ]
		Orientation
			 [ 0.018850 0.032644 0.999289 ]
			 [ -0.018487 0.999307 -0.032296 ]
			 [ -0.999651 -0.017865 0.019441 ]
	Point
		DataString "Weapon-0"
		Position [ -53.588486 8.080516 -67.259468 ]
		Orientation
			 [ -0.009190 -0.000000 0.999958 ]
			 [ -0.005099 0.999987 -0.000047 ]
			 [ -0.999945 -0.005099 -0.009189 ]
	Point
		DataString "Weapon-0"
		Position [ -50.020676 7.998437 -39.689079 ]
		Orientation
			 [ 0.006530 -0.000000 0.999979 ]
			 [ -0.012765 0.999919 0.000083 ]
			 [ -0.999897 -0.012765 0.006530 ]
	Point
		DataString "Weapon-0"
		Position [ -44.108688 8.062486 -31.104816 ]
		Orientation
			 [ 1.000000 0.000000 0.000000 ]
			 [ 0.000000 0.965926 -0.258819 ]
			 [ 0.000000 0.258819 0.965926 ]
	Point
		DataString "Weapon-0"
		Position [ 44.397747 7.938657 -31.534767 ]
		Orientation
			 [ 1.000000 0.000000 0.000000 ]
			 [ 0.000000 0.965926 -0.258819 ]
			 [ 0.000000 0.258819 0.965926 ]
	Point
		DataString "Weapon-0"
		Position [ 50.095074 7.955209 -40.540897 ]
		Orientation
			 [ 0.013956 -0.000000 -0.999903 ]
			 [ -0.026175 0.999657 -0.000365 ]
			 [ 0.999560 0.026177 0.013952 ]
	Point
		DataString "Weapon-0"
		Position [ 53.544174 8.081113 -67.029633 ]
		Orientation
			 [ 0.009398 -0.000000 -0.999956 ]
			 [ 0.004482 0.999990 0.000042 ]
			 [ 0.999946 -0.004482 0.009398 ]
	Point
		DataString "Weapon-0"
		Position [ 53.457928 8.071831 -97.518715 ]
		Orientation
			 [ -0.000825 -0.012680 -0.999919 ]
			 [ 0.008210 0.999886 -0.012686 ]
			 [ 0.999966 -0.008219 -0.000721 ]
	Point
		DataString "Weapon-2"
		Position [ -14.950594 10.788967 -8.406410 ]
		Orientation
			 [ 0.965926 0.000000 0.258819 ]
			 [ 0.066987 0.965926 -0.250000 ]
			 [ -0.250000 0.258819 0.933013 ]
	Point
		DataString "Weapon-2"
		Position [ 14.427688 10.800091 -8.729405 ]
		Orientation
			 [ 0.965926 0.000000 -0.258819 ]
			 [ -0.066987 0.965926 -0.250000 ]
			 [ 0.250000 0.258819 0.933013 ]
	Point
		DataString "Weapon-2"
		Position [ -14.916121 10.654991 25.372534 ]
		Orientation
			 [ 0.965926 0.000000 0.258819 ]
			 [ 0.066987 0.965926 -0.250000 ]
			 [ -0.250000 0.258819 0.933013 ]
	Point
		DataString "Weapon-2"
		Position [ 14.274703 10.738487 25.645245 ]
		Orientation
			 [ 0.965926 0.000000 -0.258819 ]
			 [ -0.066987 0.965926 -0.250000 ]
			 [ 0.250000 0.258819 0.933013 ]
	Point
		DataString "Weapon-2"
		Position [ -14.972010 10.663112 59.704086 ]
		Orientation
			 [ 0.965926 0.000000 0.258819 ]
			 [ 0.066987 0.965926 -0.250000 ]
			 [ -0.250000 0.258819 0.933013 ]
	Point
		DataString "Weapon-2"
		Position [ -15.170759 10.733797 92.357643 ]
		Orientation
			 [ 0.965926 0.000000 0.258819 ]
			 [ 0.066987 0.965926 -0.250000 ]
			 [ -0.250000 0.258819 0.933013 ]
	Point
		DataString "Weapon-2"
		Position [ 14.366129 10.712731 59.967850 ]
		Orientation
			 [ 0.965926 0.000000 -0.258819 ]
			 [ -0.066987 0.965926 -0.250000 ]
			 [ 0.250000 0.258819 0.933013 ]
	Point
		DataString "Weapon-2"
		Position [ 14.146155 10.775352 92.584206 ]
		Orientation
			 [ 0.965926 0.000000 -0.258819 ]
			 [ -0.066987 0.965926 -0.250000 ]
			 [ 0.250000 0.258819 0.933013 ]
	Point
		DataString "Weapon-2"
		Position [ -53.749737 8.075834 -97.415123 ]
		Orientation
			 [ -0.998652 0.051536 -0.006237 ]
			 [ 0.051394 0.998456 0.021087 ]
			 [ 0.007315 0.020738 -0.999758 ]
	Point
		DataString "Weapon-2"
		Position [ -53.588486 8.080516 -67.259468 ]
		Orientation
			 [ 0.004003 0.051536 0.998663 ]
			 [ 0.020558 0.998456 -0.051608 ]
			 [ -0.999781 0.020737 0.002938 ]
	Point
		DataString "Weapon-2"
		Position [ -50.020676 7.998437 -39.689079 ]
		Orientation
			 [ 0.004003 0.051536 0.998663 ]
			 [ 0.020558 0.998456 -0.051608 ]
			 [ -0.999781 0.020737 0.002938 ]
	Point
		DataString "Weapon-2"
		Position [ -44.108688 8.062486 -31.104816 ]
		Orientation
			 [ 1.000000 0.000000 0.000000 ]
			 [ 0.000000 0.965926 -0.258819 ]
			 [ 0.000000 0.258819 0.965926 ]
	Point
		DataString "Weapon-2"
		Position [ 44.397747 7.938657 -31.534767 ]
		Orientation
			 [ 1.000000 0.000000 0.000000 ]
			 [ 0.000000 0.965926 -0.258819 ]
			 [ 0.000000 0.258819 0.965926 ]
	Point
		DataString "Weapon-2"
		Position [ 50.095074 7.955209 -40.540897 ]
		Orientation
			 [ 0.020778 -0.005660 -0.999768 ]
			 [ 0.004186 0.999976 -0.005574 ]
			 [ 0.999775 -0.004069 0.020802 ]
	Point
		DataString "Weapon-2"
		Position [ 53.544174 8.081113 -67.029633 ]
		Orientation
			 [ 0.020778 -0.005660 -0.999768 ]
			 [ 0.004186 0.999976 -0.005574 ]
			 [ 0.999775 -0.004069 0.020802 ]
	Point
		DataString "Weapon-2"
		Position [ 53.457928 8.071831 -97.518715 ]
		Orientation
			 [ -0.999855 -0.006396 -0.015806 ]
			 [ -0.006285 0.999955 -0.007049 ]
			 [ 0.015850 -0.006948 -0.999850 ]
	Point
		DataString "Above"
		Position [ 0.000000 40.322899 0.000000 ]
		Orientation
			 [ 1.000000 0.000000 0.000000 ]
			 [ 0.000000 1.000000 0.000000 ]
			 [ 0.000000 0.000000 1.000000 ]
	Point
		DataString "Aura"
		Position [ 0.000000 -46.362736 0.000000 ]
		Orientation
			 [ 1.000000 0.000000 0.000000 ]
			 [ 0.000000 1.000000 0.000000 ]
			 [ 0.000000 0.000000 1.000000 ]
	Point
		DataString "Bomb"
		Position [ 6.750638 10.658556 28.160664 ]
		Orientation
			 [ 1.000000 0.000000 0.000000 ]
			 [ 0.000000 0.500000 -0.866025 ]
			 [ 0.000000 0.866025 0.500000 ]
	Point
		DataString "Bomb"
		Position [ -7.189981 10.908009 28.195732 ]
		Orientation
			 [ 1.000000 0.000000 0.000000 ]
			 [ 0.000000 0.500000 -0.866025 ]
			 [ 0.000000 0.866025 0.500000 ]
	Point
		DataString "Bomb"
		Position [ -7.124032 10.857964 73.385445 ]
		Orientation
			 [ 1.000000 0.000000 0.000000 ]
			 [ 0.000000 0.500000 -0.866025 ]
			 [ 0.000000 0.866025 0.500000 ]
	Point
		DataString "Bomb"
		Position [ 6.724824 10.878190 73.366158 ]
		Orientation
			 [ 1.000000 0.000000 0.000000 ]
			 [ 0.000000 0.500000 -0.866025 ]
			 [ 0.000000 0.866025 0.500000 ]
	Point
		DataString "Hangar"
		Position [ -0.547780 -19.852625 40.586285 ]
		Orientation
			 [ -1.000000 0.000000 0.000000 ]
			 [ 0.000000 0.960454 -0.278440 ]
			 [ -0.000000 -0.278440 -0.960454 ]
	Point
		DataString "Ability-1"
		Position [ -20.942118 -15.005767 63.116398 ]
		Orientation
			 [ -0.000000 0.000000 1.000000 ]
			 [ 0.000000 1.000000 0.000000 ]
			 [ -1.000000 0.000000 -0.000000 ]
	Point
		DataString "Ability-1"
		Position [ 20.050810 -15.202559 63.474796 ]
		Orientation
			 [ 0.000000 0.000000 -1.000000 ]
			 [ 0.000000 1.000000 0.000000 ]
			 [ 1.000000 0.000000 0.000000 ]
	Point
		DataString "Ability-0"
		Position [ -20.942118 -15.005767 99.373100 ]
		Orientation
			 [ -0.000000 0.000000 1.000000 ]
			 [ 0.000000 1.000000 0.000000 ]
			 [ -1.000000 0.000000 -0.000000 ]
	Point
		DataString "Ability-0"
		Position [ 20.050810 -15.202559 99.731499 ]
		Orientation
			 [ 0.000000 0.000000 -1.000000 ]
			 [ 0.000000 1.000000 0.000000 ]
			 [ 1.000000 0.000000 0.000000 ]
	Point
		DataString "Weapon-0"
		Position [ 53.457928 8.071831 -97.518715 ]
		Orientation
			 [ -0.999709 -0.012680 -0.020506 ]
			 [ -0.012508 0.999886 -0.008476 ]
			 [ 0.020611 -0.008217 -0.999754 ]
	Point
		DataString "Weapon-0"
		Position [ -53.749737 8.075834 -97.415123 ]
		Orientation
			 [ -0.999319 0.032645 0.017181 ]
			 [ 0.032327 0.999307 -0.018433 ]
			 [ -0.017770 -0.017865 -0.999682 ]
	Point
		DataString "Weapon-1"
		Position [ 6.750638 10.658556 17.587425 ]
		Orientation
			 [ -0.046311 -0.003147 -0.998922 ]
			 [ -0.665903 0.745493 0.028523 ]
			 [ 0.744600 0.666506 -0.036620 ]
	Point
		DataString "Weapon-1"
		Position [ -7.189981 10.908009 17.622494 ]
		Orientation
			 [ -0.058292 -0.021597 0.998066 ]
			 [ 0.636795 0.769152 0.053836 ]
			 [ -0.768827 0.638701 -0.031082 ]
	Point
		DataString "Weapon-1"
		Position [ -6.969572 10.934347 40.317234 ]
		Orientation
			 [ -0.035360 -0.011221 0.999312 ]
			 [ 0.673652 0.738350 0.032128 ]
			 [ -0.738202 0.674325 -0.018549 ]
	Point
		DataString "Weapon-1"
		Position [ 6.646177 10.777650 40.075314 ]
		Orientation
			 [ -0.033585 0.014283 -0.999334 ]
			 [ -0.600734 0.798824 0.031607 ]
			 [ 0.798743 0.601395 -0.018248 ]
	Point
		DataString "Weapon-1"
		Position [ -7.124032 10.857964 62.812206 ]
		Orientation
			 [ 1.000000 0.000000 0.000000 ]
			 [ 0.000000 0.500000 -0.866025 ]
			 [ 0.000000 0.866025 0.500000 ]
	Point
		DataString "Weapon-1"
		Position [ 6.724824 10.878190 62.792919 ]
		Orientation
			 [ 1.000000 0.000000 0.000000 ]
			 [ 0.000000 0.500000 -0.866025 ]
			 [ 0.000000 0.866025 0.500000 ]
	Point
		DataString "Hangar"
		Position [ 8.737430 -19.852625 40.586285 ]
		Orientation
			 [ -1.000000 0.000000 0.000000 ]
			 [ 0.000000 0.960454 -0.278440 ]
			 [ -0.000000 -0.278440 -0.960454 ]
	Point
		DataString "Ability-3"
		Position [ -14.797804 -15.005767 135.421585 ]
		Orientation
			 [ 1.000000 0.000000 0.000000 ]
			 [ 0.000000 1.000000 0.000000 ]
			 [ 0.000000 0.000000 1.000000 ]
	NumVertices 3797
	Vertex
		Position [ -20.418720 -6.048453 -26.199045 ]
		Normal [ -1.000000 -0.000001 -0.000000 ]
		Tangent [ 0.000000 -1.000000 0.000083 ]
		Color 0
		U0 0.518292
		V0 0.708599
		U1 0.000000
		V1 0.000000
	Vertex
		Position [ -20.418716 -14.122337 -16.778944 ]
		Normal [ -1.000000 -0.000001 0.000000 ]
		Tangent [ 0.000000 -1.000000 0.000083 ]
		Color 0
		U0 0.542685
		V0 0.680141
		U1 0.000000
		V1 0.000000
	Vertex
		Position [ -20.418718 -10.307189 -16.778944 ]
		Normal [ -1.000000 -0.000000 0.000000 ]
		Tangent [ 0.000000 -1.000000 0.000083 ]
		Color 0
		U0 0.531159
		V0 0.680140
		U1 0.000000
		V1 0.000000
	Vertex
		Position [ -20.418718 -9.613791 -26.199045 ]
		Normal [ -1.000000 -0.000001 -0.000000 ]
		Tangent [ 0.000001 -1.000000 0.000094 ]
		Color 0
		U0 0.529064
		V0 0.708600
		U1 0.000000
		V1 0.000000
	Vertex
		Position [ 24.456987 11.186051 -95.620987 ]
		Normal [ 0.948459 0.316901 0.000000 ]
		Tangent [ 0.316901 -0.948459 0.000000 ]
		Color 0
		U0 0.124849
		V0 0.060504
		U1 0.000000
		V1 0.000000
	Vertex
		Position [ 20.374249 23.405357 -93.885193 ]
		Normal [ 0.948459 0.316901 0.000000 ]
		Tangent [ 0.316901 -0.948459 0.000000 ]
		Color 0
		U0 0.007989
		V0 0.044759
		U1 0.000000
		V1 0.000000
	Vertex
		Position [ 24.456987 11.186051 -93.885193 ]
		Normal [ 0.948459 0.316901 0.000000 ]
		Tangent [ 0.316901 -0.948459 0.000000 ]
		Color 0
		U0 0.124849
		V0 0.044759
		U1 0.000000
		V1 0.000000
	Vertex
		Position [ 20.374249 23.405357 -95.620987 ]
		Normal [ 0.948459 0.316901 0.000000 ]
		Tangent [ 0.316901 -0.948459 0.000000 ]
		Color 0
		U0 0.007989
		V0 0.060504
		U1 0.000000
		V1 0.000000
	Vertex
		Position [ -20.418711 -14.122337 -5.095325 ]
		Normal [ -1.000000 -0.000000 0.000000 ]
		Tangent [ 0.000000 -1.000000 0.000000 ]
		Color 0
		U0 0.542685
		V0 0.644843
		U1 0.000000
		V1 0.000000
	Vertex
		Position [ -20.418711 -10.307190 -5.095325 ]
		Normal [ -1.000000 0.000000 0.000000 ]
		Tangent [ 0.000000 -1.000000 0.000000 ]
		Color 0
		U0 0.531159
		V0 0.644843
		U1 0.000000
		V1 0.000000
	Vertex
		Position [ 18.597054 23.405359 -95.620987 ]
		Normal [ 0.000001 1.000000 0.000001 ]
		Tangent [ 1.000000 -0.000001 0.000000 ]
		Color 0
		U0 0.408230
		V0 0.263198
		U1 0.000000
		V1 0.000000
	Vertex
		Position [ 18.597054 23.405357 -93.885193 ]
		Normal [ 0.000001 1.000000 0.000001 ]
		Tangent [ 1.000000 -0.000001 0.000000 ]
		Color 0
		U0 0.408230
		V0 0.259052
		U1 0.000000
		V1 0.000000
	Vertex
		Position [ 20.374249 23.405357 -95.620987 ]
		Normal [ 0.000001 1.000000 0.000001 ]
		Tangent [ 1.000000 -0.000001 0.000000 ]
		Color 0
		U0 0.412475
		V0 0.263198
		U1 0.000000
		V1 0.000000
	Vertex
		Position [ -20.418699 -14.122335 30.675877 ]
		Normal [ -1.000000 0.000000 0.000000 ]
		Tangent [ -0.000001 -1.000000 0.000058 ]
		Color 0
		U0 0.542685
		V0 0.536774
		U1 0.000000
		V1 0.000000
	Vertex
		Position [ -20.418699 -10.307187 21.354984 ]
		Normal [ -1.000000 0.000000 0.000000 ]
		Tangent [ -0.000001 -1.000000 0.000058 ]
		Color 0
		U0 0.531159
		V0 0.564933
		U1 0.000000
		V1 0.000000
	Vertex
		Position [ -16.911051 6.697919 -116.892601 ]
		Normal [ -0.307202 0.947796 -0.085500 ]
		Tangent [ -0.269235 0.000003 0.963075 ]
		Color 0
		U0 0.049226
		V0 0.014720
		U1 0.000000
		V1 0.000000
	Vertex
		Position [ -16.745668 6.188920 -119.990166 ]
		Normal [ -0.201857 0.964673 -0.169295 ]
		Tangent [ -0.269235 0.000003 0.963075 ]
		Color 0
		U0 0.018767
		V0 0.019725
		U1 0.000000
		V1 0.000000
	Vertex
		Position [ -18.474329 4.932973 -119.990166 ]
		Normal [ -0.730326 0.661788 -0.169295 ]
		Tangent [ -0.269235 0.000003 0.963075 ]
		Color 0
		U0 0.018767
		V0 0.032075
		U1 0.000000
		V1 0.000000
	Vertex
		Position [ -20.418694 -24.646049 43.136452 ]
		Normal [ -1.000000 -0.000000 0.000000 ]
		Tangent [ -0.000000 -1.000000 0.000034 ]
		Color 0
		U0 0.574480
		V0 0.499130
		U1 0.000000
		V1 0.000000
	Vertex
		Position [ -20.418690 -10.307186 54.958725 ]
		Normal [ -1.000000 -0.000000 0.000000 ]
		Tangent [ -0.000000 -1.000000 0.000034 ]
		Color 0
		U0 0.531159
		V0 0.463412
		U1 0.000000
		V1 0.000000
	Vertex
		Position [ 18.597054 23.405357 -93.885193 ]
		Normal [ 0.000000 0.000000 1.000000 ]
		Tangent [ 0.000000 1.000000 0.000000 ]
		Color 0
		U0 0.116208
		V0 0.070116
		U1 0.000000
		V1 0.000000
	Vertex
		Position [ 18.597052 11.186053 -93.885193 ]
		Normal [ 0.000000 0.000000 1.000000 ]
		Tangent [ 0.000000 1.000000 0.000000 ]
		Color 0
		U0 0.006093
		V0 0.070116
		U1 0.000000
		V1 0.000000
	Vertex
		Position [ 20.374249 23.405357 -93.885193 ]
		Normal [ 0.000000 0.000000 1.000000 ]
		Tangent [ 0.000000 1.000000 0.000000 ]
		Color 0
		U0 0.116208
		V0 0.054101
		U1 0.000000
		V1 0.000000
	Vertex
		Position [ -20.418686 -24.646049 62.891510 ]
		Normal [ -1.000000 -0.000000 0.000000 ]
		Tangent [ 0.000000 -1.000000 0.000051 ]
		Color 0
		U0 0.574480
		V0 0.439448
		U1 0.000000
		V1 0.000000
	Vertex
		Position [ -20.418686 -5.299830 62.891510 ]
		Normal [ -1.000000 0.000000 0.000000 ]
		Tangent [ 0.000000 -1.000000 0.000051 ]
		Color 0
		U0 0.516030
		V0 0.439445
		U1 0.000000
		V1 0.000000
	Vertex
		Position [ 24.456987 11.186051 -93.885193 ]
		Normal [ 0.000000 0.000000 1.000000 ]
		Tangent [ 0.000002 1.000000 0.000000 ]
		Color 0
		U0 0.006093
		V0 0.017309
		U1 0.000000
		V1 0.000000
	Vertex
		Position [ -17.418720 -1.491737 -26.199043 ]
		Normal [ -1.000000 0.000000 0.000000 ]
		Tangent [ -0.000000 -1.000000 0.000038 ]
		Color 0
		U0 0.504486
		V0 0.708678
		U1 0.000000
		V1 0.000000
	Vertex
		Position [ -17.418718 -10.307189 -16.778946 ]
		Normal [ -1.000000 0.000000 0.000000 ]
		Tangent [ -0.000000 -1.000000 0.000038 ]
		Color 0
		U0 0.531119
		V0 0.680219
		U1 0.000000
		V1 0.000000
	Vertex
		Position [ -17.418716 -1.491737 -16.778942 ]
		Normal [ -1.000000 0.000000 0.000001 ]
		Tangent [ -0.000000 -1.000000 0.000038 ]
		Color 0
		U0 0.504486
		V0 0.680218
		U1 0.000000
		V1 0.000000
	Vertex
		Position [ -17.418720 -6.048454 -26.199047 ]
		Normal [ -1.000000 -0.000000 0.000000 ]
		Tangent [ 0.000000 -1.000000 -0.000001 ]
		Color 0
		U0 0.518253
		V0 0.708678
		U1 0.000000
		V1 0.000000
	Vertex
		Position [ 18.597052 23.405361 -97.391075 ]
		Normal [ 0.000000 0.000001 1.000000 ]
		Tangent [ 0.000000 1.000000 -0.000001 ]
		Color 0
		U0 0.116208
		V0 0.070116
		U1 0.000000
		V1 0.000000
	Vertex
		Position [ 18.597052 11.186053 -97.391068 ]
		Normal [ 0.000000 0.000001 1.000000 ]
		Tangent [ 0.000000 1.000000 -0.000001 ]
		Color 0
		U0 0.006093
		V0 0.070116
		U1 0.000000
		V1 0.000000
	Vertex
		Position [ 20.374247 23.405357 -97.391075 ]
		Normal [ 0.000000 0.000001 1.000000 ]
		Tangent [ 0.000000 1.000000 -0.000001 ]
		Color 0
		U0 0.116208
		V0 0.054101
		U1 0.000000
		V1 0.000000
	Vertex
		Position [ -17.418711 -10.307189 -5.095326 ]
		Normal [ -1.000000 0.000000 0.000001 ]
		Tangent [ -0.000000 -1.000000 0.000040 ]
		Color 0
		U0 0.531119
		V0 0.644922
		U1 0.000000
		V1 0.000000
	Vertex
		Position [ -17.418709 6.462244 -5.095326 ]
		Normal [ -1.000000 0.000000 0.000000 ]
		Tangent [ -0.000000 -1.000000 0.000040 ]
		Color 0
		U0 0.480455
		V0 0.644920
		U1 0.000000
		V1 0.000000
	Vertex
		Position [ 20.374245 23.405359 -99.126869 ]
		Normal [ 0.948459 0.316901 -0.000001 ]
		Tangent [ 0.316901 -0.948459 0.000000 ]
		Color 0
		U0 0.007989
		V0 0.060504
		U1 0.000000
		V1 0.000000
	Vertex
		Position [ 24.456985 11.186051 -97.391068 ]
		Normal [ 0.948459 0.316901 -0.000001 ]
		Tangent [ 0.316901 -0.948459 0.000000 ]
		Color 0
		U0 0.124849
		V0 0.044759
		U1 0.000000
		V1 0.000000
	Vertex
		Position [ 24.456984 11.186051 -99.126869 ]
		Normal [ 0.948459 0.316901 -0.000001 ]
		Tangent [ 0.316901 -0.948459 0.000000 ]
		Color 0
		U0 0.124849
		V0 0.060504
		U1 0.000000
		V1 0.000000
	Vertex
		Position [ 20.374247 23.405357 -97.391075 ]
		Normal [ 0.948459 0.316901 -0.000001 ]
		Tangent [ 0.316901 -0.948459 0.000001 ]
		Color 0
		U0 0.007989
		V0 0.044759
		U1 0.000000
		V1 0.000000
	Vertex
		Position [ -17.418699 -10.307187 21.354984 ]
		Normal [ -1.000000 -0.000000 0.000000 ]
		Tangent [ 0.000000 -1.000000 0.000039 ]
		Color 0
		U0 0.531119
		V0 0.565012
		U1 0.000000
		V1 0.000000
	Vertex
		Position [ -17.418701 6.462244 21.354982 ]
		Normal [ -1.000000 -0.000000 0.000000 ]
		Tangent [ 0.000000 -1.000000 0.000039 ]
		Color 0
		U0 0.480455
		V0 0.565010
		U1 0.000000
		V1 0.000000
	Vertex
		Position [ -20.572386 23.405359 -79.793777 ]
		Normal [ -0.000002 -0.000000 1.000000 ]
		Tangent [ -0.000002 1.000000 0.000000 ]
		Color 0
		U0 0.116208
		V0 0.054101
		U1 0.000000
		V1 0.000000
	Vertex
		Position [ -24.655127 11.186056 -79.793777 ]
		Normal [ 0.000000 0.000000 1.000000 ]
		Tangent [ -0.000002 1.000000 0.000000 ]
		Color 0
		U0 0.006093
		V0 0.017309
		U1 0.000000
		V1 0.000000
	Vertex
		Position [ -18.795191 11.186056 -79.793777 ]
		Normal [ -0.000002 -0.000000 1.000000 ]
		Tangent [ -0.000002 1.000000 0.000000 ]
		Color 0
		U0 0.006093
		V0 0.070116
		U1 0.000000
		V1 0.000000
	Vertex
		Position [ -17.418690 -10.307186 54.958721 ]
		Normal [ -1.000000 -0.000000 0.000000 ]
		Tangent [ 0.000000 -1.000000 0.000038 ]
		Color 0
		U0 0.531119
		V0 0.463491
		U1 0.000000
		V1 0.000000
	Vertex
		Position [ -17.418692 6.462246 54.958725 ]
		Normal [ -1.000000 0.000000 0.000001 ]
		Tangent [ 0.000000 -1.000000 0.000038 ]
		Color 0
		U0 0.480455
		V0 0.463489
		U1 0.000000
		V1 0.000000
	Vertex
		Position [ -18.795193 11.186057 -81.529572 ]
		Normal [ 0.000000 0.000000 -1.000000 ]
		Tangent [ -0.000002 1.000000 0.000000 ]
		Color 0
		U0 0.006093
		V0 0.070116
		U1 0.000000
		V1 0.000000
	Vertex
		Position [ -24.655128 11.186056 -81.529572 ]
		Normal [ 0.000000 0.000000 -1.000000 ]
		Tangent [ -0.000002 1.000000 0.000000 ]
		Color 0
		U0 0.006093
		V0 0.017309
		U1 0.000000
		V1 0.000000
	Vertex
		Position [ -20.572386 23.405359 -81.529572 ]
		Normal [ 0.000000 0.000000 -1.000000 ]
		Tangent [ -0.000002 1.000000 0.000000 ]
		Color 0
		U0 0.116208
		V0 0.054101
		U1 0.000000
		V1 0.000000
	Vertex
		Position [ -17.418686 -5.299830 62.891506 ]
		Normal [ -1.000000 0.000000 0.000001 ]
		Tangent [ -0.000000 -1.000000 -0.000001 ]
		Color 0
		U0 0.515991
		V0 0.439524
		U1 0.000000
		V1 0.000000
	Vertex
		Position [ -17.418684 0.990632 62.891510 ]
		Normal [ -1.000000 0.000000 0.000001 ]
		Tangent [ -0.000000 -1.000000 -0.000001 ]
		Color 0
		U0 0.496986
		V0 0.439524
		U1 0.000000
		V1 0.000000
	Vertex
		Position [ 24.456987 11.186051 -95.620987 ]
		Normal [ 0.000000 0.000000 -1.000000 ]
		Tangent [ 0.000002 1.000000 0.000000 ]
		Color 0
		U0 0.006093
		V0 0.017309
		U1 0.000000
		V1 0.000000
	Vertex
		Position [ 18.597052 11.186053 -95.620987 ]
		Normal [ 0.000000 0.000000 -1.000000 ]
		Tangent [ 0.000002 1.000000 0.000000 ]
		Color 0
		U0 0.006093
		V0 0.070116
		U1 0.000000
		V1 0.000000
	Vertex
		Position [ 20.374249 23.405357 -95.620987 ]
		Normal [ 0.000000 0.000000 -1.000000 ]
		Tangent [ 0.000002 1.000000 0.000000 ]
		Color 0
		U0 0.116208
		V0 0.054101
		U1 0.000000
		V1 0.000000
	Vertex
		Position [ -25.880829 11.286527 -72.205872 ]
		Normal [ -0.665930 0.683279 0.299445 ]
		Tangent [ -0.738602 -0.674133 -0.003430 ]
		Color 0
		U0 0.350238
		V0 0.240831
		U1 0.000000
		V1 0.000000
	Vertex
		Position [ -19.228384 10.180246 -64.462471 ]
		Normal [ -0.566375 0.593879 0.571426 ]
		Tangent [ -0.738602 -0.674133 -0.003430 ]
		Color 0
		U0 0.351446
		V0 0.232832
		U1 0.000000
		V1 0.000000
	Vertex
		Position [ -18.587509 11.286526 -65.019653 ]
		Normal [ -0.557352 0.607774 0.565659 ]
		Tangent [ -0.738602 -0.674133 -0.003430 ]
		Color 0
		U0 0.350304
		V0 0.233413
		U1 0.000000
		V1 0.000000
	Vertex
		Position [ -26.995909 10.180247 -72.205872 ]
		Normal [ -0.671256 0.676596 0.302711 ]
		Tangent [ -0.711431 -0.702750 -0.003081 ]
		Color 0
		U0 0.351375
		V0 0.240826
		U1 0.000000
		V1 0.000000
	Vertex
		Position [ -26.995922 10.180251 -110.060936 ]
		Normal [ -0.704300 0.709903 0.000000 ]
		Tangent [ -0.709899 -0.704297 -0.003074 ]
		Color 0
		U0 0.351375
		V0 0.280080
		U1 0.000000
		V1 0.000000
	Vertex
		Position [ -25.880844 11.286529 -110.060936 ]
		Normal [ -0.704300 0.709903 0.000000 ]
		Tangent [ -0.709899 -0.704297 -0.003074 ]
		Color 0
		U0 0.350238
		V0 0.280085
		U1 0.000000
		V1 0.000000
	Vertex
		Position [ -20.418715 10.644927 -16.778942 ]
		Normal [ -1.000000 0.000000 0.000000 ]
		Tangent [ -0.000000 -1.000000 0.000028 ]
		Color 0
		U0 0.467858
		V0 0.680138
		U1 0.000000
		V1 0.000000
	Vertex
		Position [ -20.418716 -1.491737 -16.778942 ]
		Normal [ -1.000000 0.000000 0.000000 ]
		Tangent [ -0.000000 -1.000000 0.000028 ]
		Color 0
		U0 0.504525
		V0 0.680139
		U1 0.000000
		V1 0.000000
	Vertex
		Position [ -20.418715 8.187675 -14.061050 ]
		Normal [ -0.966769 0.230670 0.110225 ]
		Tangent [ -0.000000 -1.000000 0.000028 ]
		Color 0
		U0 0.475282
		V0 0.671927
		U1 0.000000
		V1 0.000000
	Vertex
		Position [ -20.418715 10.644927 -16.343792 ]
		Normal [ -0.885825 0.315818 0.339962 ]
		Tangent [ 0.000000 -1.000000 0.000308 ]
		Color 0
		U0 0.467858
		V0 0.678823
		U1 0.000000
		V1 0.000000
	Vertex
		Position [ -26.995922 10.180251 -110.060936 ]
		Normal [ -1.000000 0.000000 0.000000 ]
		Tangent [ -0.000000 -1.000000 0.000058 ]
		Color 0
		U0 0.469349
		V0 0.961781
		U1 0.000000
		V1 0.000000
	Vertex
		Position [ -26.995911 -1.306712 -72.205872 ]
		Normal [ -0.967417 0.000000 0.253189 ]
		Tangent [ -0.000000 -1.000000 0.000058 ]
		Color 0
		U0 0.504053
		V0 0.847418
		U1 0.000000
		V1 0.000000
	Vertex
		Position [ -26.995909 10.180247 -72.205872 ]
		Normal [ -0.923582 0.000000 0.383402 ]
		Tangent [ -0.000000 -1.000000 0.000058 ]
		Color 0
		U0 0.469349
		V0 0.847416
		U1 0.000000
		V1 0.000000
	Vertex
		Position [ -26.995924 -1.306711 -110.060936 ]
		Normal [ -1.000000 0.000000 0.000000 ]
		Tangent [ -0.000000 -1.000000 0.000027 ]
		Color 0
		U0 0.504053
		V0 0.961782
		U1 0.000000
		V1 0.000000
	Vertex
		Position [ -52.039776 9.415361 -84.302589 ]
		Normal [ -1.000000 0.000000 -0.000000 ]
		Tangent [ 0.000000 -1.000000 0.000000 ]
		Color 0
		U0 0.471991
		V0 0.883302
		U1 0.000000
		V1 0.000000
	Vertex
		Position [ -52.039768 7.952886 -105.772774 ]
		Normal [ -1.000000 0.000000 -0.000000 ]
		Tangent [ 0.000000 -1.000000 0.000000 ]
		Color 0
		U0 0.476409
		V0 0.948166
		U1 0.000000
		V1 0.000000
	Vertex
		Position [ -52.039776 7.952886 -84.302589 ]
		Normal [ -1.000000 0.000000 0.000000 ]
		Tangent [ 0.000000 -1.000000 0.000000 ]
		Color 0
		U0 0.476409
		V0 0.883302
		U1 0.000000
		V1 0.000000
	Vertex
		Position [ -52.039768 9.415360 -105.772774 ]
		Normal [ -1.000000 0.000000 -0.000000 ]
		Tangent [ 0.000000 -1.000000 0.000000 ]
		Color 0
		U0 0.471991
		V0 0.948166
		U1 0.000000
		V1 0.000000
	Vertex
		Position [ -52.039761 9.415361 -50.782402 ]
		Normal [ -0.981209 0.000000 0.192948 ]
		Tangent [ 0.000000 -1.000000 0.000000 ]
		Color 0
		U0 0.471991
		V0 0.782033
		U1 0.000000
		V1 0.000000
	Vertex
		Position [ -52.039761 7.952886 -50.782402 ]
		Normal [ -0.922542 -0.000001 0.385896 ]
		Tangent [ 0.000000 -1.000000 0.000000 ]
		Color 0
		U0 0.476409
		V0 0.782033
		U1 0.000000
		V1 0.000000
	Vertex
		Position [ -15.804898 9.415358 -33.762856 ]
		Normal [ 0.000000 -0.000001 1.000000 ]
		Tangent [ -0.000001 1.000000 0.000000 ]
		Color 0
		U0 0.114255
		V0 0.525336
		U1 0.000000
		V1 0.000000
	Vertex
		Position [ -40.635727 7.952884 -33.762856 ]
		Normal [ 0.000000 -0.000001 1.000000 ]
		Tangent [ -0.000001 1.000000 0.000000 ]
		Color 0
		U0 0.108216
		V0 0.627880
		U1 0.000000
		V1 0.000000
	Vertex
		Position [ -15.804897 7.952881 -33.762856 ]
		Normal [ 0.000000 0.000000 1.000000 ]
		Tangent [ -0.000001 1.000000 0.000000 ]
		Color 0
		U0 0.108216
		V0 0.525336
		U1 0.000000
		V1 0.000000
	Vertex
		Position [ -40.635727 9.415359 -33.762852 ]
		Normal [ 0.000000 -0.000003 1.000000 ]
		Tangent [ 0.000000 1.000000 0.000003 ]
		Color 0
		U0 0.114255
		V0 0.627880
		U1 0.000000
		V1 0.000000
	Vertex
		Position [ -40.635727 9.415359 -33.762852 ]
		Normal [ -0.830749 -0.000001 0.556647 ]
		Tangent [ 0.000000 -1.000000 -0.000003 ]
		Color 0
		U0 0.471840
		V0 0.730916
		U1 0.000000
		V1 0.000000
	Vertex
		Position [ -40.635727 7.952884 -33.762856 ]
		Normal [ -0.830749 -0.000002 0.556647 ]
		Tangent [ 0.000000 -1.000000 -0.000003 ]
		Color 0
		U0 0.476258
		V0 0.730916
		U1 0.000000
		V1 0.000000
	Vertex
		Position [ -20.418692 8.187693 54.958725 ]
		Normal [ -0.925540 0.378649 0.000000 ]
		Tangent [ 0.000000 -1.000000 0.000047 ]
		Color 0
		U0 0.475282
		V0 0.463410
		U1 0.000000
		V1 0.000000
	Vertex
		Position [ -20.418684 0.990632 62.891510 ]
		Normal [ -1.000000 0.000000 0.000001 ]
		Tangent [ 0.000000 -1.000000 0.000047 ]
		Color 0
		U0 0.497026
		V0 0.439445
		U1 0.000000
		V1 0.000000
	Vertex
		Position [ -20.418684 8.187697 62.891510 ]
		Normal [ -0.925541 0.378649 0.000000 ]
		Tangent [ 0.000000 -1.000000 0.000047 ]
		Color 0
		U0 0.475282
		V0 0.439444
		U1 0.000000
		V1 0.000000
	Vertex
		Position [ -20.418692 6.462245 54.958729 ]
		Normal [ -1.000000 0.000000 0.000001 ]
		Tangent [ 0.000000 -1.000000 0.000002 ]
		Color 0
		U0 0.480495
		V0 0.463410
		U1 0.000000
		V1 0.000000
	Vertex
		Position [ 19.763258 -9.611474 -43.252396 ]
		Normal [ 1.000000 -0.000000 -0.000000 ]
		Tangent [ -0.000000 -1.000000 0.000036 ]
		Color 0
		U0 0.528526
		V0 0.761179
		U1 0.000000
		V1 0.000000
	Vertex
		Position [ 19.763262 -0.982704 -26.199049 ]
		Normal [ 1.000000 0.000000 -0.000000 ]
		Tangent [ -0.000000 -1.000000 0.000036 ]
		Color 0
		U0 0.502456
		V0 0.709658
		U1 0.000000
		V1 0.000000
	Vertex
		Position [ 19.763260 -9.613816 -26.199057 ]
		Normal [ 1.000000 -0.000000 -0.000000 ]
		Tangent [ -0.000000 -1.000000 0.000036 ]
		Color 0
		U0 0.528533
		V0 0.709659
		U1 0.000000
		V1 0.000000
	Vertex
		Position [ 19.763258 -0.980296 -43.248238 ]
		Normal [ 1.000000 0.000000 -0.000000 ]
		Tangent [ 0.000000 -1.000000 0.000017 ]
		Color 0
		U0 0.502449
		V0 0.761166
		U1 0.000000
		V1 0.000000
	Vertex
		Position [ 19.763298 0.990630 95.221199 ]
		Normal [ 1.000000 -0.000000 -0.000000 ]
		Tangent [ 0.000000 -1.000000 0.000000 ]
		Color 0
		U0 0.496495
		V0 0.342832
		U1 0.000000
		V1 0.000000
	Vertex
		Position [ 19.763306 -6.751677 125.381157 ]
		Normal [ 0.963907 0.238788 0.117747 ]
		Tangent [ 0.000000 -1.000000 0.000000 ]
		Color 0
		U0 0.519886
		V0 0.251716
		U1 0.000000
		V1 0.000000
	Vertex
		Position [ 19.763306 -8.700377 125.381157 ]
		Normal [ 1.000000 -0.000001 -0.000000 ]
		Tangent [ 0.000000 -1.000000 0.000000 ]
		Color 0
		U0 0.525773
		V0 0.251716
		U1 0.000000
		V1 0.000000
	Vertex
		Position [ 19.763298 8.120245 95.221199 ]
		Normal [ 0.899567 0.424760 0.101771 ]
		Tangent [ 0.000000 -1.000000 0.000044 ]
		Color 0
		U0 0.474954
		V0 0.342831
		U1 0.000000
		V1 0.000000
	Vertex
		Position [ 17.282303 -4.226992 125.381157 ]
		Normal [ 0.674123 0.662459 0.326659 ]
		Tangent [ 0.699376 -0.714728 0.006162 ]
		Color 0
		U0 0.512291
		V0 0.251650
		U1 0.000000
		V1 0.000000
	Vertex
		Position [ 17.282297 10.644930 95.221199 ]
		Normal [ 0.703401 0.691230 0.165617 ]
		Tangent [ 0.699399 -0.714706 0.006068 ]
		Color 0
		U0 0.467360
		V0 0.342766
		U1 0.000000
		V1 0.000000
	Vertex
		Position [ 19.763296 -5.299831 95.221199 ]
		Normal [ 1.000000 -0.000001 -0.000000 ]
		Tangent [ -0.000003 -1.000000 0.000000 ]
		Color 0
		U0 0.515499
		V0 0.342833
		U1 0.000000
		V1 0.000000
	Vertex
		Position [ 19.763302 -10.125540 125.381157 ]
		Normal [ 1.000000 -0.000001 -0.000000 ]
		Tangent [ -0.000003 -1.000000 0.000000 ]
		Color 0
		U0 0.530079
		V0 0.251716
		U1 0.000000
		V1 0.000000
	Vertex
		Position [ 19.763262 -14.122339 -5.095340 ]
		Normal [ 1.000000 -0.000000 -0.000000 ]
		Tangent [ -0.000001 -1.000000 0.000065 ]
		Color 0
		U0 0.542154
		V0 0.645903
		U1 0.000000
		V1 0.000000
	Vertex
		Position [ 19.763273 -10.307189 21.354975 ]
		Normal [ 1.000000 -0.000000 -0.000000 ]
		Tangent [ -0.000001 -1.000000 0.000065 ]
		Color 0
		U0 0.530628
		V0 0.565992
		U1 0.000000
		V1 0.000000
	Vertex
		Position [ 19.763273 -14.122338 30.675867 ]
		Normal [ 1.000000 -0.000000 -0.000000 ]
		Tangent [ -0.000001 -1.000000 0.000065 ]
		Color 0
		U0 0.542154
		V0 0.537833
		U1 0.000000
		V1 0.000000
	Vertex
		Position [ 19.763262 -10.307190 -5.095337 ]
		Normal [ 1.000000 0.000000 -0.000001 ]
		Tangent [ 0.000000 -1.000000 0.000087 ]
		Color 0
		U0 0.530628
		V0 0.645902
		U1 0.000000
		V1 0.000000
	Vertex
		Position [ 20.374250 23.405355 -87.179085 ]
		Normal [ 0.948459 0.316901 0.000000 ]
		Tangent [ 0.316901 -0.948459 0.000000 ]
		Color 0
		U0 0.007989
		V0 0.044759
		U1 0.000000
		V1 0.000000
	Vertex
		Position [ 24.456989 11.186052 -88.914886 ]
		Normal [ 0.948459 0.316901 0.000000 ]
		Tangent [ 0.316901 -0.948459 0.000000 ]
		Color 0
		U0 0.124849
		V0 0.060504
		U1 0.000000
		V1 0.000000
	Vertex
		Position [ 20.374250 23.405355 -88.914886 ]
		Normal [ 0.948459 0.316901 0.000000 ]
		Tangent [ 0.316901 -0.948459 0.000000 ]
		Color 0
		U0 0.007989
		V0 0.060504
		U1 0.000000
		V1 0.000000
	Vertex
		Position [ 24.456989 11.186052 -87.179085 ]
		Normal [ 0.948459 0.316901 0.000000 ]
		Tangent [ 0.316901 -0.948459 0.000000 ]
		Color 0
		U0 0.124849
		V0 0.044759
		U1 0.000000
		V1 0.000000
	Vertex
		Position [ 19.763283 -10.307188 54.958725 ]
		Normal [ 1.000000 -0.000000 -0.000000 ]
		Tangent [ 0.000000 -1.000000 0.000033 ]
		Color 0
		U0 0.530628
		V0 0.464471
		U1 0.000000
		V1 0.000000
	Vertex
		Position [ 19.763279 -24.646051 43.136452 ]
		Normal [ 1.000000 0.000000 -0.000000 ]
		Tangent [ 0.000000 -1.000000 0.000033 ]
		Color 0
		U0 0.573948
		V0 0.500189
		U1 0.000000
		V1 0.000000
	Vertex
		Position [ -14.443541 6.697918 -116.892601 ]
		Normal [ 0.308569 0.947352 -0.085500 ]
		Tangent [ 1.000000 0.000000 0.000000 ]
		Color 0
		U0 0.049226
		V0 0.014720
		U1 0.000000
		V1 0.000000
	Vertex
		Position [ -14.608925 6.188919 -119.990166 ]
		Normal [ 0.403715 0.899085 -0.169295 ]
		Tangent [ 1.000000 0.000000 0.000000 ]
		Color 0
		U0 0.018767
		V0 0.019725
		U1 0.000000
		V1 0.000000
	Vertex
		Position [ 19.763287 -5.299832 62.891510 ]
		Normal [ 1.000000 -0.000000 -0.000000 ]
		Tangent [ 0.000000 -1.000000 0.000034 ]
		Color 0
		U0 0.515499
		V0 0.440505
		U1 0.000000
		V1 0.000000
	Vertex
		Position [ 19.763287 -24.646049 62.891510 ]
		Normal [ 1.000000 -0.000000 -0.000000 ]
		Tangent [ 0.000000 -1.000000 0.000034 ]
		Color 0
		U0 0.573948
		V0 0.440507
		U1 0.000000
		V1 0.000000
	Vertex
		Position [ 18.597055 23.405359 -88.914886 ]
		Normal [ 0.000002 1.000000 0.000000 ]
		Tangent [ 1.000000 -0.000002 0.000000 ]
		Color 0
		U0 0.408230
		V0 0.247180
		U1 0.000000
		V1 0.000000
	Vertex
		Position [ 18.597055 23.405359 -87.179085 ]
		Normal [ 0.000002 1.000000 0.000000 ]
		Tangent [ 1.000000 -0.000002 0.000000 ]
		Color 0
		U0 0.408230
		V0 0.243034
		U1 0.000000
		V1 0.000000
	Vertex
		Position [ 20.374250 23.405355 -88.914886 ]
		Normal [ 0.000002 1.000000 0.000000 ]
		Tangent [ 1.000000 -0.000002 0.000000 ]
		Color 0
		U0 0.412475
		V0 0.247180
		U1 0.000000
		V1 0.000000
	Vertex
		Position [ 16.773254 -10.307190 -16.778948 ]
		Normal [ 1.000000 -0.000000 -0.000000 ]
		Tangent [ -0.000000 -1.000000 0.000038 ]
		Color 0
		U0 0.530667
		V0 0.681121
		U1 0.000000
		V1 0.000000
	Vertex
		Position [ 16.773252 -1.491739 -26.199049 ]
		Normal [ 1.000000 -0.000000 -0.000000 ]
		Tangent [ -0.000000 -1.000000 0.000038 ]
		Color 0
		U0 0.504034
		V0 0.709579
		U1 0.000000
		V1 0.000000
	Vertex
		Position [ 16.773256 -1.491738 -16.778948 ]
		Normal [ 1.000000 -0.000000 -0.000000 ]
		Tangent [ -0.000000 -1.000000 0.000038 ]
		Color 0
		U0 0.504034
		V0 0.681120
		U1 0.000000
		V1 0.000000
	Vertex
		Position [ 16.773252 -6.048455 -26.199049 ]
		Normal [ 1.000000 0.000000 -0.000000 ]
		Tangent [ 0.000000 -1.000000 0.000074 ]
		Color 0
		U0 0.517801
		V0 0.709580
		U1 0.000000
		V1 0.000000
	Vertex
		Position [ 24.456993 11.186052 -79.793785 ]
		Normal [ 0.948459 0.316901 -0.000001 ]
		Tangent [ 0.316901 -0.948459 0.000000 ]
		Color 0
		U0 0.124849
		V0 0.044759
		U1 0.000000
		V1 0.000000
	Vertex
		Position [ 20.374252 23.405355 -81.529579 ]
		Normal [ 0.948459 0.316901 -0.000001 ]
		Tangent [ 0.316901 -0.948459 0.000000 ]
		Color 0
		U0 0.007989
		V0 0.060504
		U1 0.000000
		V1 0.000000
	Vertex
		Position [ 20.374252 23.405355 -79.793785 ]
		Normal [ 0.948459 0.316901 0.000000 ]
		Tangent [ 0.316901 -0.948459 0.000000 ]
		Color 0
		U0 0.007989
		V0 0.044759
		U1 0.000000
		V1 0.000000
	Vertex
		Position [ 24.456991 11.186052 -81.529579 ]
		Normal [ 0.948459 0.316901 -0.000001 ]
		Tangent [ 0.316901 -0.948459 0.000000 ]
		Color 0
		U0 0.124849
		V0 0.060504
		U1 0.000000
		V1 0.000000
	Vertex
		Position [ 16.773264 6.462242 -5.095335 ]
		Normal [ 1.000000 -0.000000 -0.000000 ]
		Tangent [ -0.000000 -1.000000 0.000040 ]
		Color 0
		U0 0.480003
		V0 0.645821
		U1 0.000000
		V1 0.000000
	Vertex
		Position [ 16.773262 -10.307189 -5.095335 ]
		Normal [ 1.000000 -0.000000 -0.000000 ]
		Tangent [ -0.000000 -1.000000 0.000040 ]
		Color 0
		U0 0.530667
		V0 0.645823
		U1 0.000000
		V1 0.000000
	Vertex
		Position [ -12.447283 5.247552 -116.892601 ]
		Normal [ 0.806477 0.585051 -0.085500 ]
		Tangent [ 0.269232 0.000005 0.963075 ]
		Color 0
		U0 0.049226
		V0 0.028982
		U1 0.000000
		V1 0.000000
	Vertex
		Position [ 16.773272 6.462243 21.354975 ]
		Normal [ 1.000000 0.000000 -0.000000 ]
		Tangent [ 0.000000 -1.000000 0.000039 ]
		Color 0
		U0 0.480003
		V0 0.565912
		U1 0.000000
		V1 0.000000
	Vertex
		Position [ 16.773273 -10.307189 21.354975 ]
		Normal [ 1.000000 0.000000 -0.000000 ]
		Tangent [ 0.000000 -1.000000 0.000039 ]
		Color 0
		U0 0.530667
		V0 0.565914
		U1 0.000000
		V1 0.000000
	Vertex
		Position [ -18.795191 23.405363 -81.529572 ]
		Normal [ 0.000000 0.000000 -1.000000 ]
		Tangent [ 0.000000 1.000000 0.000000 ]
		Color 0
		U0 0.116208
		V0 0.070116
		U1 0.000000
		V1 0.000000
	Vertex
		Position [ 16.773281 6.462245 54.958725 ]
		Normal [ 1.000000 0.000000 -0.000000 ]
		Tangent [ 0.000000 -1.000000 0.000020 ]
		Color 0
		U0 0.480003
		V0 0.464391
		U1 0.000000
		V1 0.000000
	Vertex
		Position [ 16.773283 -10.307188 54.958725 ]
		Normal [ 1.000000 0.000000 -0.000000 ]
		Tangent [ 0.000000 -1.000000 0.000020 ]
		Color 0
		U0 0.530667
		V0 0.464392
		U1 0.000000
		V1 0.000000
	Vertex
		Position [ -18.795193 23.405363 -85.441444 ]
		Normal [ -0.000002 1.000000 0.000000 ]
		Tangent [ 1.000000 0.000002 0.000000 ]
		Color 0
		U0 0.318921
		V0 0.238884
		U1 0.000000
		V1 0.000000
	Vertex
		Position [ -20.572388 23.405359 -83.705650 ]
		Normal [ -0.000002 1.000000 0.000000 ]
		Tangent [ 1.000000 0.000002 0.000000 ]
		Color 0
		U0 0.314676
		V0 0.234738
		U1 0.000000
		V1 0.000000
	Vertex
		Position [ -18.795193 23.405363 -83.705650 ]
		Normal [ -0.000002 1.000000 0.000000 ]
		Tangent [ 1.000000 0.000002 0.000000 ]
		Color 0
		U0 0.318921
		V0 0.234738
		U1 0.000000
		V1 0.000000
	Vertex
		Position [ -20.572388 23.405359 -85.441444 ]
		Normal [ -0.000002 1.000000 0.000000 ]
		Tangent [ 1.000000 0.000002 0.000000 ]
		Color 0
		U0 0.314676
		V0 0.238884
		U1 0.000000
		V1 0.000000
	Vertex
		Position [ 16.773287 0.990629 62.891510 ]
		Normal [ 1.000000 0.000000 -0.000001 ]
		Tangent [ 0.000000 -1.000000 0.000050 ]
		Color 0
		U0 0.496534
		V0 0.440425
		U1 0.000000
		V1 0.000000
	Vertex
		Position [ 16.773287 -5.299832 62.891510 ]
